pstA,a	pstBA,b	pstBB,c	pstC,d	pstS,e	
NC_011999:pstBB,1298479,1299370,-1	pstA,1299394,1300288,-1	pstC,1300289,1301219,-1	pstS,1301288,1302251,-1	
NC_007350:pstBA,888952,889825,1	pstS,1404891,1405851,1	pstC,1405978,1406908,1	pstA,1406909,1407827,1	pstBB,1407935,1408811,1	
NC_018065:pstS,1678319,1679291,1	pstC,1679397,1680342,1	pstA,1680343,1681222,1	pstBB,1681234,1682050,1	
NC_013791:pstBB,2788338,2789172,-1	pstA,2789187,2790108,-1	pstC,2790109,2791066,-1	
NC_004193:pstBB,3266143,3266974,-1	pstA,3266999,3267890,-1	pstC,3267890,3268841,-1	pstS,3268934,3269912,-1	pstBB,3270170,3270857,-1	
NC_018704:pstBB,28118,29129,1	pstBA,29125,30058,1	pstS,325631,326510,1	pstC,326630,327542,1	pstA,327545,328388,1	pstBB,328423,329194,1	
NC_009848:pstBB,2240282,2241074,-1	pstBA,2241079,2241892,-1	pstA,2241915,2242800,-1	pstC,2242799,2243726,-1	pstS,2243805,2244723,-1	
NC_017668:pstBB,2491515,2492367,-1	pstA,2492390,2493269,-1	pstC,2493268,2494216,-1	
NC_002570:pstBB,3112120,3112957,-1	pstA,3112976,3113861,-1	pstC,3113862,3114819,-1	
NC_002976:pstBB,973639,974515,-1	pstA,974602,975508,-1	pstC,975509,976436,-1	pstS,976642,977620,-1	
NC_014829:pstS,2577559,2578720,-1	pstBB,3206984,3207803,-1	pstA,3207934,3208858,-1	pstC,3208859,3209795,-1	
NC_015634:pstS,770639,771527,1	pstC,771948,772800,1	pstA,772796,773681,1	pstBB,773962,774796,1	pstBB,774823,775609,1	
NC_010184:pstBB,4124423,4125239,-1	pstA,4125267,4126134,-1	pstC,4126135,4127086,-1	pstS,4127113,4128022,-1	
NC_014219:pstS,1664715,1665690,1	pstC,1665800,1666802,1	pstA,1666791,1667649,1	pstBB,1667670,1668486,1	pstBA,3537473,3538439,-1	
NC_006510:pstBB,204803,205595,-1	pstBA,1704667,1705450,1	pstA,2485801,2486725,-1	pstC,2486726,2487623,-1	pstS,2487679,2488570,-1	
NC_022524:pstBB,1590457,1592212,1	pstBA,1592224,1594042,1	pstBB,3316200,3317028,-1	pstA,3317124,3318003,-1	pstC,3318002,3318953,-1	pstS,3319029,3320019,-1	
NC_014098:pstBA,2469626,2470550,-1	pstS,2559955,2561065,-1	pstBB,2943317,2944106,-1	pstA,2944113,2945016,-1	pstC,2945003,2945933,-1	
NC_012673:pstBB,508119,508956,-1	pstA,508991,509903,-1	pstC,509904,510849,-1	pstS,510932,511871,-1	
NC_012491:pstS,487821,488757,1	pstC,488846,489794,1	pstA,489794,490685,1	pstBB,490704,491478,1	pstBA,1250134,1250860,-1	
NC_012914:pstBB,2147188,2147947,-1	pstA,2147963,2148851,-1	pstC,2148847,2149750,-1	pstS,2149843,2150779,-1	
NC_014019:pstBB,1319964,1321701,1	pstBA,1321716,1323522,1	pstA,4442557,4443487,-1	pstC,4443483,4444371,-1	pstS,4444495,4445380,-1	
NC_013893:pstBB,1520140,1521040,-1	pstA,1521109,1522030,-1	pstC,1522031,1522967,-1	pstS,1523145,1524126,-1	
NC_013891:pstBA,1113573,1114380,1	pstBB,2465347,2466127,-1	pstBB,2466140,2466956,-1	pstA,2466984,2467869,-1	pstC,2467865,2468816,-1	pstS,2468883,2469792,-1	
NC_012121:pstBB,1048176,1049040,-1	pstA,1049090,1050020,-1	pstC,1050021,1050948,-1	pstS,1051080,1052016,-1	
NC_023134:pstBB,102159,102909,1	pstA,3363313,3364171,-1	pstC,3364167,3365112,-1	pstS,3365340,3366231,-1	
NC_016935:pstS,1823249,1824164,1	pstC,1824428,1825367,1	pstA,1825363,1826221,1	pstBB,1826223,1826997,1	pstBA,4286610,4288356,-1	pstBB,4288318,4290157,-1	
NC_011567:pstS,898202,899249,1	pstC,899261,900275,1	pstA,900277,901159,1	pstBB,901185,901995,1	
NC_006582:pstBB,2713674,2714457,-1	pstBB,2714471,2715284,-1	pstA,2715300,2716188,-1	pstC,2716184,2717120,-1	pstS,2717210,2718131,-1	pstBA,3214274,3215210,-1	pstBB,3215190,3216222,-1	
NC_010382:pstBB,2338978,2340052,1	pstBA,2340038,2340992,1	pstBB,3546898,3547732,-1	pstA,3547744,3548623,-1	pstC,3548623,3549538,-1	pstS,3549635,3550628,-1	
NC_000964:pstBB,2577209,2577992,-1	pstBA,2578002,2578812,-1	pstA,2578832,2579717,-1	pstC,2579716,2580646,-1	pstS,2580714,2581617,-1	
NC_018665:pstC,871966,872905,1	pstA,872906,873815,1	pstBB,873864,874692,1	
NC_013205:pstA,1961405,1962260,-1	pstC,1962256,1963255,-1	pstBB,2322515,2323484,-1	pstBA,2323501,2324467,-1	
NC_014483:pstS,1686756,1687680,1	pstC,1687813,1688719,1	pstA,1688718,1689615,1	pstBB,1689632,1690475,1	pstBA,4450605,4451364,-1	
