yfiJ,a	yfiK,b	yfiL,c	yfiM,d	yfiN,e	
NC_011999:yfiL,3087,3984,1	yfiK,1693852,1694485,-1	yfiJ,1694481,1695591,-1	
NC_007350:yfiL,106171,106834,1	yfiJ,935904,936948,1	yfiK,936937,937567,1	
NC_018065:yfiL,153526,155023,-1	yfiJ,497126,498263,1	yfiK,498259,498874,1	
NC_013791:yfiL,1919865,1920798,-1	yfiK,1920915,1921548,-1	yfiJ,1921549,1922674,-1	
NC_004193:yfiL,168587,169274,1	yfiJ,1110530,1111607,1	yfiK,1111624,1112272,1	yfiN,1115537,1116644,1	
NC_018704:yfiJ,287094,288225,1	yfiK,288221,288854,1	yfiL,288963,289896,1	yfiM,289908,291183,1	yfiN,291182,292259,1	
NC_009848:yfiL,166333,167251,1	yfiJ,970215,971379,1	yfiK,971375,972026,1	
NC_017668:yfiJ,1237077,1238142,1	yfiK,1238138,1238771,1	yfiL,4064736,4065648,1	yfiN,4065665,4066409,1	
NC_002570:yfiN,1135038,1136145,1	yfiJ,2219084,2220290,1	yfiK,2220216,2220849,1	yfiL,2220969,2221902,1	
NC_002976:yfiL,10894,11581,1	yfiJ,900851,901946,1	yfiK,901942,902545,1	
NC_014829:yfiJ,800759,801896,1	yfiK,801900,802536,1	yfiL,802696,803629,1	yfiN,804908,806009,1	
NC_015634:yfiL,212939,213896,1	yfiK,704935,705619,1	
NC_010184:yfiK,1696599,1697274,1	yfiJ,1697278,1698379,1	yfiL,1698503,1699442,1	yfiN,1700589,1701735,1	
NC_014219:yfiN,301884,302994,-1	yfiL,304274,305207,-1	yfiK,305315,305972,-1	yfiJ,305968,307162,-1	yfiK,307196,307823,-1	
NC_006510:yfiL,216464,216872,1	yfiN,217070,218150,1	yfiJ,475501,476536,1	yfiK,476528,477161,1	
NC_022524:yfiJ,1313958,1315065,1	yfiK,1315061,1315694,1	yfiL,1315941,1316874,1	yfiN,1318144,1319239,1	
NC_014098:yfiL,115829,116552,1	yfiJ,598754,599759,1	yfiK,599752,600424,1	
NC_012673:yfiL,53040,53775,1	yfiK,890947,891640,-1	yfiJ,891662,892787,-1	
NC_012491:yfiK,791696,792398,1	yfiJ,792414,793530,1	yfiL,793647,794586,1	yfiN,795728,796877,1	
NC_012914:yfiK,4844925,4845657,1	yfiJ,4845669,4846785,1	yfiL,4846907,4847843,1	yfiN,4848983,4850132,1	
NC_014019:yfiN,1172436,1173579,1	yfiL,1173575,1174286,1	yfiJ,1413078,1414125,1	yfiK,1414117,1414744,1	
NC_013893:yfiN,489127,490213,-1	yfiL,490209,490941,-1	yfiJ,1106922,1107966,1	yfiK,1107955,1108585,1	
NC_013891:yfiL,28283,28913,-1	yfiJ,966031,967090,1	yfiK,967086,967725,1	
NC_012121:yfiL,281002,281659,-1	yfiK,1441858,1442488,-1	yfiJ,1442493,1443618,-1	
NC_023134:yfiJ,91233,92421,1	yfiK,92425,93118,1	yfiL,889443,890391,1	yfiN,890567,891722,1	
NC_016935:yfiJ,94569,95724,1	yfiK,95728,96454,1	yfiL,162928,164014,1	
NC_011567:yfiJ,180742,181750,1	yfiK,181762,182389,1	yfiL,222556,224452,-1	
NC_006582:yfiJ,1137092,1138214,1	yfiK,1138191,1138824,1	yfiL,1138986,1139916,1	yfiN,1141148,1142207,1	
NC_010382:yfiL,130392,132384,-1	yfiJ,199112,200063,1	yfiK,200091,200691,1	
NC_000964:yfiJ,903810,905013,1	yfiK,905009,905672,1	yfiL,905815,906751,1	yfiM,906763,907954,1	yfiN,907967,909125,1	
NC_018665:yfiL,182300,184019,1	yfiK,593174,593804,-1	yfiJ,593800,594826,-1	
NC_013205:yfiL,44086,45625,-1	yfiJ,701857,703015,1	yfiK,703029,703632,1	
NC_014483:yfiL,153508,155272,-1	yfiJ,404111,405215,-1	yfiK,405207,405861,-1	
