ahrC,a	dxs,b	ispA,c	recN,d	xseA,e	xseB,f	yqxC,g	
NC_011999:recN,1270635,1272303,-1	ahrC,1272315,1272768,-1	yqxC,1272846,1273683,-1	dxs,1273669,1275553,-1	ispA,1275646,1276519,-1	xseA,1276706,1278044,-1	
NC_007350:xseA,1270412,1271750,1	xseB,1271742,1271988,1	ispA,1271977,1272865,1	ahrC,1273483,1273936,1	recN,1273957,1275640,1	dxs,1763117,1764095,-1	
NC_018065:xseA,1782516,1783875,1	xseB,1783871,1784099,1	ispA,1784102,1784987,1	dxs,1785076,1786975,1	yqxC,1786978,1787797,1	ahrC,1788021,1788471,1	recN,1788487,1790179,1	
NC_013791:recN,2567947,2569672,-1	ahrC,2569685,2570135,-1	yqxC,2570271,2571084,-1	dxs,2571087,2572977,-1	ispA,2574338,2575229,-1	xseB,2575225,2575483,-1	xseA,2575510,2576863,-1	
NC_004193:recN,1908612,1910307,-1	ahrC,1910334,1910784,-1	yqxC,1910804,1911614,-1	ispA,1911616,1912501,-1	xseB,1912497,1912734,-1	xseA,1912708,1914076,-1	
NC_018704:xseA,1219563,1220913,1	xseB,1220905,1221133,1	ispA,1221135,1222020,1	yqxC,1222102,1222921,1	ahrC,1222949,1223399,1	recN,1223430,1225161,1	
NC_009848:recN,2186827,2188564,-1	ahrC,2188597,2189047,-1	yqxC,2189207,2190062,-1	dxs,2190058,2191960,-1	ispA,2192110,2193001,-1	xseB,2192990,2193251,-1	xseA,2193247,2194594,-1	
NC_017668:recN,2438074,2439802,-1	ahrC,2439819,2440269,-1	yqxC,2440332,2441145,-1	dxs,2441148,2443041,-1	ispA,2444359,2445244,-1	xseB,2445240,2445477,-1	xseA,2445473,2446820,-1	
NC_002570:recN,2902593,2904291,-1	ahrC,2904321,2904771,-1	yqxC,2904970,2905789,-1	dxs,2905796,2907686,-1	ispA,2909033,2909918,-1	xseB,2909914,2910157,-1	xseA,2910143,2911520,-1	
NC_002976:recN,1125887,1127564,-1	ahrC,1127579,1128032,-1	ispA,1128346,1129228,-1	xseB,1129205,1129436,-1	xseA,1129428,1130766,-1	
NC_014829:xseA,1901713,1903096,1	xseB,1903085,1903328,1	ispA,1903324,1904212,1	dxs,1905574,1907464,1	yqxC,1907468,1908281,1	ahrC,1908452,1908902,1	recN,1908926,1910654,1	
NC_015634:recN,1690703,1692407,-1	ahrC,1692424,1692874,-1	yqxC,1693037,1693862,-1	dxs,1693862,1695722,-1	ispA,1695912,1696530,-1	xseB,1696784,1697012,-1	xseA,1697004,1698345,-1	
NC_010184:recN,4048438,4050178,-1	ahrC,4050448,4050898,-1	yqxC,4051040,4051880,-1	dxs,4051883,4053776,-1	ispA,4054083,4054977,-1	xseB,4054976,4055207,-1	xseA,4055196,4056555,-1	
NC_014219:recN,2484549,2486259,-1	ahrC,2486278,2486728,-1	yqxC,2486849,2487656,-1	dxs,2487656,2489546,-1	ispA,2491020,2491914,-1	xseB,2491918,2492155,-1	xseA,2492151,2493516,-1	
NC_006510:recN,2420924,2422646,-1	ahrC,2422772,2423222,-1	yqxC,2423278,2424127,-1	dxs,2424130,2426017,-1	ispA,2426270,2427164,-1	xseB,2427167,2427380,-1	xseA,2427394,2428741,-1	
NC_022524:recN,3250291,3251983,-1	ahrC,3251999,3252449,-1	yqxC,3252606,3253452,-1	dxs,3253455,3255348,-1	ispA,3255721,3256618,-1	xseB,3256617,3256851,-1	xseA,3256856,3258197,-1	
NC_014098:xseA,726394,727834,1	xseB,727784,728054,1	ispA,728061,728949,1	dxs,729102,731049,1	yqxC,731061,731910,1	ahrC,732769,733216,1	recN,733252,734962,1	
NC_012673:recN,469443,471141,-1	ahrC,471154,471604,-1	yqxC,471759,472575,-1	dxs,472581,474483,-1	ispA,474597,475476,-1	xseB,475472,475697,-1	xseA,475671,477018,-1	
NC_012491:xseA,2420697,2422080,1	xseB,2422048,2422303,1	ispA,2422299,2423202,1	dxs,2425198,2427085,1	yqxC,2427081,2427900,1	ahrC,2428891,2429341,1	recN,2429357,2431082,1	
NC_012914:xseA,2688578,2689952,1	xseB,2689932,2690187,1	ispA,2690189,2691098,1	dxs,2691227,2693123,1	yqxC,2693135,2693972,1	ahrC,2694698,2695151,1	recN,2695173,2696883,1	
NC_014019:recN,4292788,4294516,-1	ahrC,4294532,4294982,-1	yqxC,4295143,4295971,-1	dxs,4295967,4297869,-1	ispA,4298190,4299087,-1	xseB,4299086,4299320,-1	xseA,4299323,4300667,-1	
NC_013893:xseA,1425542,1426880,1	ispA,1427179,1427962,1	ahrC,1428265,1428718,1	recN,1428733,1430413,1	dxs,1851419,1852397,-1	
NC_013891:xseA,1293589,1294942,1	xseB,1294931,1295159,1	ispA,1295161,1296043,1	dxs,1296624,1298529,1	yqxC,1298525,1299350,1	ahrC,1299540,1299990,1	recN,1300012,1301704,1	
NC_012121:recN,1161760,1163440,-1	ahrC,1163454,1163907,-1	ispA,1164148,1165027,-1	xseB,1165019,1165241,-1	xseA,1165233,1166574,-1	
NC_023134:recN,3238831,3240562,-1	ahrC,3240575,3241022,-1	yqxC,3241554,3242391,-1	dxs,3242432,3244325,-1	ispA,3245266,3246178,-1	xseB,3246174,3246426,-1	xseA,3246415,3247783,-1	
NC_016935:xseA,3368424,3369825,1	xseB,3369799,3370048,1	ispA,3370044,3370950,1	dxs,3372986,3373292,1	yqxC,3373313,3374150,1	ahrC,3374933,3375383,1	recN,3375418,3377122,1	
NC_011567:xseA,953125,954475,1	xseB,954471,954684,1	ispA,954686,955559,1	dxs,955721,957623,1	yqxC,957626,958469,1	ahrC,958553,959012,1	recN,959030,960761,1	
NC_006582:recN,2586859,2588557,-1	ahrC,2588573,2589023,-1	yqxC,2589235,2590048,-1	dxs,2590052,2591939,-1	ispA,2592204,2593092,-1	xseB,2593088,2593328,-1	xseA,2593320,2594697,-1	
NC_010382:recN,3428506,3430198,-1	ahrC,3430231,3430690,-1	yqxC,3430781,3431600,-1	dxs,3431599,3433501,-1	ispA,3433662,3434544,-1	xseB,3434547,3434781,-1	xseA,3434777,3436136,-1	
NC_000964:recN,2520556,2522287,-1	ahrC,2522323,2522773,-1	yqxC,2522870,2523716,-1	dxs,2523712,2525614,-1	ispA,2525788,2526679,-1	xseB,2526668,2526923,-1	xseA,2526919,2528266,-1	
NC_018665:xseA,906630,907974,1	ispA,908169,909039,1	dxs,909160,911047,1	yqxC,911053,911860,1	ahrC,912001,912451,1	recN,912460,914170,1	
NC_013205:recN,1826248,1827922,-1	yqxC,1829297,1830137,-1	ispA,1831497,1832373,-1	xseB,1832403,1832643,-1	xseA,1832593,1834003,-1	ahrC,2428324,2428777,-1	dxs,2512045,2513941,-1	
NC_014483:recN,3090966,3092685,-1	ahrC,3092743,3093193,-1	yqxC,3093841,3094693,-1	dxs,3094769,3096668,-1	ispA,3096775,3097699,-1	xseB,3097670,3097931,-1	xseA,3097920,3099285,-1	
