nusG,a	rplA,b	rplK,c	rpmG,d	secE,e	
NC_011999:rplA,2008662,2009358,-1	rplK,2009464,2009896,-1	nusG,2010035,2010581,-1	
NC_007350:rpmG,1473709,1473859,1	rplA,2279746,2280442,-1	rplK,2280673,2281096,-1	nusG,2281551,2282100,-1	
NC_018065:rplK,235099,235525,1	rplA,236013,236355,1	rpmG,1710117,1710267,1	
NC_013791:rpmG,119260,119410,1	secE,119682,119877,1	nusG,119952,120486,1	rplK,120645,121071,1	rplA,121194,121890,1	
NC_004193:rpmG,123764,123914,1	secE,124107,124281,1	nusG,124552,125089,1	rplK,125249,125675,1	rplA,125861,126554,1	
NC_018704:nusG,121443,121977,1	rplK,122212,122638,1	rplA,122820,123510,1	rpmG,1192451,1192601,1	
NC_009848:secE,92322,92499,1	nusG,92669,93203,1	rplK,93320,93800,1	rplA,93899,94598,1	rpmG,2238826,2238976,-1	
NC_017668:rpmG,126709,126859,1	secE,126901,127078,1	nusG,127204,127741,1	rplK,127893,128319,1	rplA,128434,129130,1	
NC_002570:rpmG,149173,149323,1	secE,149562,149757,1	nusG,149882,150419,1	rplK,150573,150999,1	rplA,151119,151815,1	
NC_002976:nusG,181521,182070,1	rplK,182401,182824,1	rplA,183036,183732,1	rpmG,1155526,1155676,-1	
NC_014829:secE,132372,132552,1	nusG,132610,133144,1	rplK,133304,133730,1	rplA,133854,134550,1	rpmG,1849173,1849323,1	
NC_015634:nusG,113027,113471,1	rplK,113984,114257,1	rplA,114364,115066,1	
NC_010184:secE,109517,109697,1	nusG,109828,110362,1	rplK,110530,110956,1	rplA,111136,111829,1	rpmG,4120675,4120825,-1	
NC_014219:rpmG,120973,121123,1	nusG,121453,121987,1	rplK,122119,122587,1	rplA,122703,123399,1	
NC_006510:rpmG,110266,110416,1	secE,110453,110639,1	nusG,110751,111285,1	rplK,111519,111945,1	rplA,112125,112827,1	
NC_022524:rpmG,123463,123607,1	secE,123664,123835,1	nusG,124082,124616,1	rplA,125381,126080,1	
NC_014098:rpmG,136778,136928,1	nusG,137215,137758,1	rplK,137812,138238,1	rplA,138289,138994,1	
NC_012673:rpmG,504109,504259,-1	rplA,1590905,1591592,-1	rplK,1591686,1592112,-1	nusG,1592259,1592811,-1	
NC_012491:rpmG,216947,217097,1	nusG,217390,217927,1	rplK,218114,218540,1	rplA,218629,219313,1	
NC_012914:rplA,6519647,6520340,-1	rplK,6520480,6520906,-1	nusG,6520955,6521489,-1	rpmG,6521739,6521889,-1	
NC_014019:rpmG,111266,111416,1	secE,111469,111649,1	nusG,111844,112378,1	rplK,112543,112969,1	rplA,113079,113775,1	
NC_013893:rpmG,1405146,1405296,1	rplA,2421665,2422361,-1	rplK,2422576,2422999,-1	nusG,2423199,2423748,-1	
NC_013891:nusG,248539,248989,1	rplK,249641,250067,1	rplA,250106,250796,1	rpmG,1273074,1273224,1	
NC_012121:nusG,200937,201486,1	rplK,201668,202091,1	rplA,202296,202992,1	rpmG,984741,984891,-1	
NC_023134:rplA,3782462,3783155,-1	rplK,3783232,3783658,-1	nusG,3783924,3784458,-1	
NC_016935:rplA,8303467,8304160,-1	rplK,8304261,8304687,-1	nusG,8304731,8305265,-1	rpmG,8305522,8305672,-1	
NC_011567:rpmG,103639,103789,1	secE,103820,104003,1	nusG,104122,104656,1	rplK,104738,105233,1	rplA,105336,106038,1	
NC_006582:secE,165674,165863,1	nusG,165919,166456,1	rplK,166611,167037,1	rplA,167132,167828,1	rpmG,1849420,1849570,1	
NC_010382:rpmG,4310574,4310724,1	rplA,4479463,4480162,-1	rplK,4480278,4480704,-1	nusG,4480961,4481306,-1	
NC_000964:rpmG,117348,117498,1	secE,117531,117711,1	nusG,117889,118423,1	rplK,118590,119016,1	rplA,119110,119809,1	
NC_018665:nusG,108206,108758,1	rplK,108907,109333,1	rplA,109449,110136,1	
NC_013205:rplA,2791629,2792331,-1	rplK,2792390,2792822,-1	nusG,2792970,2793516,-1	rpmG,2793820,2793970,-1	
NC_014483:rplA,4671498,4672191,-1	rplK,4672278,4672704,-1	nusG,4672777,4673311,-1	rpmG,4673545,4673704,-1	
