cydA,a	cydB,b	cydC,c	cydD,d	yxkO,e	
NC_011999:cydC,472173,473772,1	cydD,473752,475369,1	cydA,758024,759377,1	
NC_007350:yxkO,9888,10701,-1	cydA,1772347,1773700,-1	cydD,2100267,2101947,-1	cydC,2101943,2103575,-1	
NC_018065:cydD,716588,718346,1	cydC,718497,719517,1	cydD,719491,720469,1	
NC_013791:cydA,560230,561574,-1	cydD,2034062,2035772,-1	cydC,2035768,2037502,-1	
NC_004193:yxkO,648426,649956,1	cydC,1086645,1088367,1	cydD,1088366,1090088,1	cydA,1091609,1092950,-1	
NC_018704:cydD,29125,30058,1	yxkO,343986,345489,1	
NC_009848:cydD,3478317,3480051,-1	cydC,3480040,3481777,-1	cydB,3481776,3482793,-1	cydA,3482779,3484195,-1	
NC_017668:cydC,196701,198441,1	cydD,198437,200147,1	cydA,241792,243121,-1	yxkO,393356,394886,1	
NC_002570:cydA,952565,953897,-1	cydC,4110656,4112330,1	cydD,4112326,4114054,1	
NC_002976:cydC,341328,342963,1	cydD,342959,344654,1	cydA,667578,668934,1	yxkO,2605886,2606702,1	
NC_014829:cydC,271055,272783,1	cydD,272779,274504,1	cydA,277959,279315,-1	yxkO,359747,361280,1	
NC_015634:cydA,163620,165012,1	cydB,165011,166022,1	cydC,166264,168013,1	cydD,167987,169712,1	yxkO,612200,613685,1	
NC_010184:cydA,1878132,1879536,1	cydB,1879522,1880539,1	cydC,1880538,1882260,1	cydD,1882256,1883981,1	
NC_014219:yxkO,561636,563208,1	cydA,579600,580959,1	cydB,580958,581978,1	cydC,581982,583707,1	cydD,583699,585412,1	
NC_006510:cydD,258580,260506,-1	yxkO,1536952,1538473,1	cydA,2123896,2125243,-1	
NC_022524:cydD,217960,219424,1	cydA,1595636,1596983,1	cydC,3879187,3880213,-1	
NC_014098:yxkO,194424,195936,1	cydA,2248459,2249860,1	cydB,2249843,2250860,1	cydC,2250859,2252584,1	cydD,2252583,2254347,1	
NC_012673:yxkO,522804,524193,-1	cydD,1436104,1437823,-1	cydC,1437819,1439544,-1	cydA,2742369,2743758,1	
NC_012491:cydD,4858360,4860115,-1	cydC,4860111,4861857,-1	cydB,4861856,4862870,-1	cydA,4862859,4864275,-1	
NC_012914:cydD,2431813,2433541,1	cydC,2433537,2435412,1	
NC_014019:yxkO,2181886,2183389,1	cydD,5036330,5038079,-1	cydC,5038075,5039773,-1	cydB,5039787,5040804,-1	cydA,5040790,5042197,-1	
NC_013893:cydD,19344,20220,-1	cydC,2088454,2089480,-1	yxkO,2634744,2635563,-1	
NC_013891:yxkO,1582136,1582967,1	cydD,2697859,2699599,-1	cydC,2699598,2701323,-1	cydB,2701322,2702336,-1	cydA,2702322,2703729,-1	
NC_012121:cydC,336358,337999,1	cydD,337995,339681,1	cydA,711333,712689,1	yxkO,2555822,2556686,1	
NC_023134:cydA,1122681,1124088,1	cydB,1124071,1125088,1	cydC,1125087,1126812,1	cydD,1126808,1128566,1	
NC_016935:cydD,162928,164014,1	cydA,694283,695636,-1	yxkO,4090272,4091808,1	cydC,4803030,4804758,-1	
NC_011567:cydD,222556,224452,-1	cydB,424966,426049,-1	cydA,425984,427388,-1	
NC_006582:cydD,39236,39959,1	yxkO,319843,321379,1	cydA,1409544,1410882,-1	cydC,3103495,3104524,-1	
NC_010382:cydD,130392,132384,-1	cydA,257319,258666,1	cydC,560912,561752,1	
NC_000964:yxkO,3972447,3973278,-1	cydD,3973363,3975091,-1	cydC,3975087,3976791,-1	cydB,3976790,3977807,-1	cydA,3977790,3979197,-1	
NC_018665:cydD,182300,184019,1	yxkO,860176,861595,1	cydA,1820750,1822139,-1	
NC_013205:yxkO,412300,413803,1	cydD,1984441,1986262,-1	cydC,1986261,1988019,-1	cydB,1988028,1989042,-1	cydA,1989074,1990460,-1	
NC_014483:yxkO,519096,520812,1	cydD,4425700,4427467,-1	cydC,4427447,4429208,-1	cydB,4429207,4430221,-1	cydA,4430207,4431614,-1	
