apt,a	recJ,b	relA,c	yrvD,d	yrvI,e	
NC_011999:yrvI,1374489,1374942,-1	relA,1374950,1377143,-1	apt,1377247,1377769,-1	recJ,1377779,1380041,-1	
NC_007350:recJ,1169071,1171351,1	apt,1171363,1171882,1	relA,1172207,1174397,1	yrvI,1174409,1174862,1	
NC_018065:yrvD,1584190,1584556,1	recJ,1584774,1587096,1	apt,1587112,1587625,1	relA,1587821,1590017,1	yrvI,1590039,1590486,1	
NC_013791:yrvD,785493,785832,1	recJ,785910,788280,1	apt,788282,788798,1	relA,789010,791197,1	yrvI,791221,791662,1	
NC_004193:yrvI,2048798,2049245,-1	relA,2049546,2051751,-1	apt,2052094,2052607,-1	recJ,2052596,2054912,-1	
NC_018704:yrvD,1095762,1096077,1	recJ,1096154,1098473,1	apt,1098462,1098978,1	relA,1099220,1101410,1	yrvI,1101425,1101872,1	
NC_009848:yrvI,2410835,2411279,-1	relA,2411297,2413508,-1	apt,2413650,2414163,-1	recJ,2414186,2416511,-1	yrvD,2416592,2416946,-1	
NC_017668:yrvI,2589040,2589487,-1	relA,2589513,2591718,-1	apt,2591862,2592375,-1	recJ,2592364,2594692,-1	yrvD,2594749,2595082,-1	
NC_002570:yrvD,1330975,1331293,1	recJ,1331354,1333709,1	apt,1333708,1334224,1	relA,1334543,1336730,1	yrvI,1336758,1337199,1	
NC_002976:yrvI,1232384,1232837,-1	relA,1232850,1235040,-1	apt,1235558,1236077,-1	recJ,1236095,1238369,-1	
NC_014829:yrvD,1700050,1700380,1	recJ,1700442,1702788,1	apt,1702985,1703498,1	relA,1703789,1705970,1	yrvI,1705990,1706431,1	
NC_015634:yrvI,1852503,1852944,-1	relA,1852958,1855130,-1	apt,1855369,1855891,-1	recJ,1855881,1858245,-1	
NC_010184:yrvI,4248149,4248590,-1	relA,4248607,4250791,-1	apt,4251002,4251515,-1	recJ,4251580,4253902,-1	
NC_014219:yrvI,2680987,2681437,-1	apt,2683912,2684425,-1	recJ,2684504,2686862,-1	
NC_006510:yrvI,2591973,2592432,-1	relA,2592455,2594654,-1	apt,2594802,2595315,-1	recJ,2595349,2597671,-1	
NC_022524:yrvI,3439709,3440150,-1	relA,3440162,3442358,-1	apt,3442671,3443184,-1	recJ,3443174,3445541,-1	yrvD,3445650,3445971,-1	
NC_014098:apt,991196,991709,1	relA,991683,993903,1	yrvI,993902,994346,1	recJ,2662432,2664160,1	
NC_012673:recJ,2668546,2670841,1	apt,2670842,2671361,1	relA,2671549,2673739,1	yrvI,2673755,2674199,1	
NC_012491:recJ,1971861,1974210,1	apt,1974222,1974735,1	relA,1975118,1977290,1	yrvI,1977341,1977779,1	
NC_012914:yrvI,5041147,5041591,-1	relA,5041608,5043792,-1	apt,5050626,5051148,-1	recJ,5051184,5053218,-1	
NC_014019:yrvD,1180350,1180686,-1	yrvI,4451695,4452157,-1	relA,4452172,4454371,-1	apt,4454556,4455069,-1	recJ,4455084,4457427,-1	
NC_013893:recJ,1324939,1327216,1	apt,1327235,1327754,1	relA,1328013,1330203,1	yrvI,1330218,1330671,1	
NC_013891:yrvI,1468286,1468739,-1	relA,1468752,1470969,-1	apt,1471171,1471693,-1	recJ,1471682,1474028,-1	yrvD,1474133,1474478,-1	
NC_012121:yrvI,1254120,1254573,-1	relA,1254588,1256778,-1	apt,1257151,1257670,-1	recJ,1257689,1259966,-1	
NC_023134:yrvD,1111470,1111830,-1	yrvI,2776742,2777195,-1	relA,2777227,2779414,-1	apt,2780977,2781490,-1	
NC_016935:yrvD,2119339,2119690,-1	yrvI,7114958,7115405,-1	relA,7115444,7117637,-1	apt,7121415,7121928,-1	
NC_011567:recJ,752771,755141,1	apt,755088,755619,1	relA,755723,757922,1	yrvI,757936,758377,1	yrvD,2382189,2382525,-1	
NC_006582:yrvD,1687694,1687997,1	recJ,1688059,1690417,1	apt,1690406,1690922,1	relA,1691035,1693243,1	yrvI,1693264,1693705,1	
NC_010382:yrvI,3783410,3783851,-1	relA,3783878,3786074,-1	apt,3790337,3790850,-1	recJ,3790880,3793202,-1	
NC_000964:yrvI,2820076,2820475,-1	relA,2820528,2822733,-1	apt,2822900,2823413,-1	recJ,2823418,2825779,-1	yrvD,2825845,2826169,-1	
NC_018665:yrvI,1884940,1885378,-1	relA,1885391,1887590,-1	apt,1887731,1888250,-1	recJ,1888228,1890445,-1	
NC_013205:yrvI,2151777,2152227,-1	relA,2152242,2154420,-1	apt,2154445,2154970,-1	recJ,2154966,2156976,-1	
NC_014483:yrvD,1804638,1805061,-1	yrvI,3953188,3953635,-1	relA,3953772,3955950,-1	apt,3959940,3960453,-1	recJ,3960522,3962919,-1	
