exuM,a	exuR,b	exuT,c	uxaA,d	uxaB,e	uxaC,f	uxuA,g	yjmC,h	yjmD,i	yjmF,j	
NC_011999:exuR,279254,280277,-1	yjmF,887054,887801,1	exuT,1934880,1936146,-1	yjmD,1936466,1937120,1	
NC_007350:
NC_018065:yjmD,197607,198747,1	uxuA,641428,642499,1	yjmF,642498,643335,1	exuR,643338,644337,1	exuT,929094,930342,-1	uxaA,3081253,3082747,-1	uxaB,3082743,3084159,-1	uxaC,3084175,3085570,-1	
NC_013791:exuM,827913,829290,1	exuR,1952567,1953578,-1	yjmF,3612845,3613124,-1	yjmD,3613200,3614094,-1	
NC_004193:exuT,70697,72227,-1	exuT,70697,72227,-1	uxaC,390631,392050,1	uxaB,2660209,2661370,-1	yjmC,2929804,2930875,-1	exuR,3547925,3548885,-1	uxuA,3549117,3550167,1	yjmF,3550147,3550966,1	
NC_018704:uxuA,270420,271488,1	yjmF,271490,272336,1	uxaC,273995,275396,1	yjmD,426712,427771,1	exuR,2227301,2228321,-1	
NC_009848:exuT,176528,177863,-1	yjmD,1667445,1668510,1	exuM,1895516,1896908,-1	uxaA,2969323,2970817,-1	uxaB,2970813,2972271,-1	exuR,2972330,2973341,-1	uxaC,2973409,2974846,-1	yjmF,3391396,3392158,1	
NC_017668:
NC_002570:yjmD,393705,394680,1	uxaA,514866,516360,1	uxaB,517454,518993,1	uxaC,763622,765041,1	uxuA,765037,766075,1	yjmF,766115,766970,1	exuR,3808829,3809843,-1	
NC_002976:
NC_014829:exuR,410016,412065,1	yjmF,624992,625841,1	uxaC,625845,627255,1	yjmC,1516004,1517108,1	yjmC,1516004,1517108,1	uxuA,4049427,4050540,-1	
NC_015634:yjmF,557780,558557,1	exuM,632994,633441,1	exuR,633767,634700,1	exuT,943858,945214,1	yjmD,2632418,2633468,-1	
NC_010184:
NC_014219:exuR,330091,331120,1	exuR,1712730,1713777,1	yjmD,2020379,2021420,1	
NC_006510:yjmF,506020,506770,1	uxaB,1986060,1987224,-1	uxaA,2001922,2003089,-1	exuR,2156949,2157963,-1	yjmD,2799463,2800570,-1	exuT,3472895,3474092,-1	
NC_022524:uxaC,1998797,2000234,1	exuR,2000327,2001323,1	uxaB,2001395,2002859,1	uxaA,2002855,2004349,1	yjmF,4155565,4156402,-1	uxuA,4156385,4157474,-1	yjmD,4158117,4159137,-1	yjmC,4162032,4163043,-1	
NC_014098:
NC_012673:
NC_012491:exuT,291255,292620,-1	yjmD,1507851,1508904,-1	exuR,1509168,1510182,1	yjmC,3271798,3272863,-1	exuT,3308846,3310106,-1	
NC_012914:uxuA,397697,398771,1	yjmF,398772,399621,1	exuT,3166254,3167478,1	uxaC,3364397,3365849,1	uxaB,3365845,3367348,1	uxaA,3367350,3368886,1	yjmD,4082077,4083115,-1	exuR,4083188,4084199,-1	exuM,4640059,4641469,-1	
NC_014019:exuR,1758147,1759149,1	uxaA,1890070,1891606,-1	yjmF,2802434,2803196,-1	yjmD,2803192,2804224,-1	exuM,3335802,3337215,-1	uxaC,3342495,3343899,-1	exuT,3509378,3510698,-1	
NC_013893:
NC_013891:yjmF,323159,323924,-1	yjmF,323159,323924,-1	exuR,2029979,2030990,-1	
NC_012121:yjmF,67059,67842,1	exuT,430100,431276,-1	uxaB,1678840,1679944,1	exuT,1972547,1973822,-1	exuM,1982731,1984165,-1	yjmF,2435372,2436140,1	yjmD,2493453,2494536,-1	
NC_023134:
NC_016935:exuR,1155432,1156410,1	uxaA,1624313,1625474,1	yjmF,1625631,1626426,1	yjmD,2705925,2707050,-1	exuM,2707208,2708618,-1	exuT,3827796,3829131,1	exuT,3827796,3829131,1	uxaC,6244539,6245946,-1	
NC_011567:
NC_006582:exuR,330472,331447,1	uxaA,492784,494278,1	uxaB,494307,495837,1	yjmD,688880,689918,1	uxuA,689914,690991,1	yjmF,690990,691836,1	uxaC,1083242,1084661,1	yjmC,4221017,4222055,1	
NC_010382:yjmF,274076,274829,1	yjmC,2861382,2862432,1	exuT,3478078,3479302,-1	yjmD,3586936,3587995,1	exuR,4069403,4070408,-1	
NC_000964:uxaC,1300449,1301871,1	exuM,1301938,1303318,1	yjmC,1303422,1304436,1	yjmD,1304441,1305461,1	uxuA,1305485,1306565,1	yjmF,1306561,1307398,1	exuT,1307445,1308714,1	exuR,1308801,1309803,1	uxaB,1309879,1311322,1	uxaA,1311318,1312812,1	
NC_018665:
NC_013205:yjmF,75439,76207,1	uxaB,243704,244856,1	yjmC,770646,771708,1	exuR,1637768,1638782,-1	uxaA,1638984,1640481,1	uxaB,1641347,1642784,1	uxuA,2351464,2352520,-1	exuT,2566265,2567594,1	
NC_014483:yjmD,314736,315753,1	yjmF,1699019,1699889,1	exuT,2155276,2156485,1	uxaC,2173792,2175217,1	exuM,2175488,2176889,1	exuR,2176975,2177980,1	uxaB,2180119,2181613,1	uxaA,2181630,2183130,1	uxuA,2660907,2661984,1	
