divIC,a	yabM,b	yabN,c	yabO,d	yabP,e	yabQ,f	yabR,g	
NC_011999:yabR,2040890,2041277,-1	yabN,2042032,2043208,-1	yabM,2043209,2044718,-1	
NC_007350:yabR,2323433,2323832,-1	yabO,2324349,2324613,-1	yabN,2324609,2325806,-1	yabM,2325805,2327314,-1	
NC_018065:yabR,30839,31268,-1	yabP,32447,32747,-1	yabO,32826,33117,-1	yabN,33122,34589,-1	yabM,34598,36203,-1	
NC_013791:yabM,70756,72352,1	yabN,72364,73822,1	yabO,73835,74108,1	yabP,74200,74512,1	yabQ,74508,75090,1	yabR,75556,76036,1	
NC_004193:yabM,64892,66497,1	yabN,66493,67963,1	yabO,67959,68223,1	yabP,68279,68582,1	yabQ,68578,69172,1	yabR,69628,70012,1	
NC_018704:yabM,62270,63836,1	yabN,63842,65291,1	yabO,65310,65577,1	yabP,65652,65955,1	yabQ,65951,66521,1	yabR,67002,67395,1	
NC_009848:yabM,43908,45513,1	yabN,45502,46987,1	yabO,46983,47244,1	yabP,47318,47627,1	yabQ,47623,48262,1	divIC,48280,48655,1	yabR,48737,49136,1	
NC_017668:yabM,73343,74927,1	yabN,74923,76390,1	yabO,76389,76650,1	yabP,78972,79278,1	yabQ,79274,79865,1	yabR,80340,80736,1	
NC_002570:yabM,89423,91025,1	yabN,91045,92521,1	yabO,92523,92790,1	yabP,92967,93279,1	yabQ,93275,93872,1	yabR,94332,94746,1	
NC_002976:yabM,134373,135915,1	yabN,135911,137102,1	yabO,137098,137362,1	yabR,137880,138282,1	
NC_014829:yabM,73894,75490,1	yabN,75514,76999,1	yabO,77001,77262,1	yabP,77342,77651,1	yabQ,77647,78238,1	yabR,78709,79135,1	
NC_015634:yabM,44705,46253,1	yabN,46284,47307,1	yabO,47316,47592,1	yabP,47921,48167,1	yabQ,48199,48793,1	yabR,49311,49740,1	
NC_010184:yabM,58819,60421,1	yabN,60433,61894,1	yabO,61908,62184,1	yabP,62242,62551,1	yabQ,62547,63201,1	yabR,63644,64130,1	
NC_014219:yabM,68160,69747,1	yabN,69778,71236,1	yabO,71253,71523,1	yabR,72084,72507,1	
NC_006510:yabM,63127,64678,1	yabN,64684,66145,1	yabO,66158,66440,1	yabP,66541,66868,1	yabQ,66864,67497,1	yabR,68003,68402,1	
NC_022524:yabM,68118,69720,1	yabN,69726,71187,1	yabO,71201,71471,1	yabP,71599,71902,1	yabQ,71898,72525,1	yabR,73042,73513,1	
NC_014098:yabM,75000,76599,1	yabN,76623,77487,1	yabO,77852,78128,1	yabP,81231,81534,1	yabR,82608,83034,1	
NC_012673:yabR,1630429,1630942,-1	yabO,1631433,1631706,-1	yabN,1631702,1633118,-1	yabM,1633119,1634667,-1	
NC_012491:yabM,111462,113127,1	yabN,113136,114606,1	yabO,114595,114889,1	yabP,122538,122823,1	yabQ,122819,123392,1	yabR,5201288,5201702,-1	
NC_012914:yabN,51964,53443,1	yabO,53921,54200,1	yabP,56131,56416,1	yabQ,56412,57018,1	yabR,57513,58002,1	yabM,5582902,5584540,-1	
NC_014019:yabM,66980,68594,1	yabN,68598,70059,1	yabO,70079,70346,1	yabP,70445,70751,1	yabQ,70747,71371,1	divIC,71375,71747,1	yabR,71835,72303,1	
NC_013893:yabR,2465156,2465555,-1	yabO,2466144,2466423,-1	yabN,2466419,2467610,-1	yabM,2467611,2469141,-1	
NC_013891:yabM,206617,208207,1	yabO,208229,208508,1	yabR,209272,209701,1	
NC_012121:yabM,157949,159488,1	yabN,159484,160681,1	yabO,160682,160949,1	yabO,160950,161217,1	yabR,161737,162148,1	
NC_023134:yabR,3877621,3878101,-1	yabQ,3878580,3879144,-1	yabP,3879140,3879422,-1	yabO,3879695,3879953,-1	yabN,3880318,3881833,-1	yabM,3881847,3883548,-1	
NC_016935:yabR,8355033,8355537,-1	yabQ,8356009,8356591,-1	yabP,8356587,8356872,-1	yabO,8357323,8357602,-1	yabN,8357945,8359466,-1	yabM,8359603,8361325,-1	
NC_011567:yabM,59692,61258,1	yabN,61260,62712,1	yabO,62713,62971,1	yabP,63034,63331,1	yabQ,63327,63936,1	yabR,64357,64816,1	
NC_006582:yabM,105946,107509,1	yabN,107522,108989,1	yabO,108960,109257,1	yabP,113614,113929,1	yabQ,113928,114492,1	yabR,114958,115387,1	
NC_010382:yabM,82404,84027,1	yabN,84027,85506,1	yabO,85502,85793,1	yabP,85932,86232,1	yabR,87276,87714,1	
NC_000964:yabM,64816,66415,1	yabN,66404,67874,1	yabO,67876,68137,1	yabP,68215,68518,1	yabQ,68514,69150,1	divIC,69167,69545,1	yabR,69625,70012,1	
NC_018665:yabM,62850,64401,1	yabN,64397,65828,1	yabO,65824,66097,1	yabR,66626,67157,1	
NC_013205:yabM,134748,136443,-1	yabN,203373,204855,1	yabO,205195,205498,1	yabP,205672,205933,1	yabR,207081,207486,1	
NC_014483:yabM,47641,49300,1	yabN,49417,50917,1	yabO,51521,51800,1	yabP,51861,52263,1	yabQ,52259,52838,1	yabR,53295,53820,1	
