birA,a	cca,b	dapB,c	mgsA,d	ypjD,e	ypjG,f	ypjH,g	
NC_011999:dapB,1159905,1160628,1	birA,1215094,1216069,-1	cca,1216046,1217279,-1	ypjH,1217275,1218409,-1	ypjD,1218423,1218741,-1	
NC_007350:ypjD,1328012,1328330,1	ypjH,1328362,1329511,1	cca,1329503,1330703,1	birA,1330695,1331667,1	dapB,1396481,1397204,-1	
NC_018065:birA,2760124,2761111,-1	cca,2761088,2762276,-1	ypjH,2762217,2763390,-1	mgsA,2763474,2763879,-1	dapB,2763895,2764693,-1	
NC_013791:ypjD,1513501,1513873,1	dapB,1513936,1514749,1	mgsA,1514761,1515178,1	ypjG,1515170,1515875,1	ypjH,1515926,1517072,1	cca,1517058,1518228,1	birA,1518234,1519224,1	
NC_004193:birA,1804552,1805539,-1	cca,1805514,1806717,-1	ypjH,1806732,1807863,-1	mgsA,1807859,1808282,-1	dapB,1808307,1809105,-1	ypjD,1809108,1809450,-1	
NC_018704:ypjD,1296933,1297296,1	dapB,1297282,1298086,1	mgsA,1298119,1298527,1	cca,1298523,1299729,1	birA,1299704,1300682,1	ypjH,2133756,2136039,-1	
NC_009848:birA,2026761,2027745,-1	cca,2027717,2028920,-1	ypjH,2028912,2030058,-1	ypjG,2030060,2030765,-1	mgsA,2030751,2031171,-1	dapB,2031188,2031992,-1	ypjD,2031997,2032333,-1	
NC_017668:birA,2248488,2249481,-1	cca,2249456,2250668,-1	ypjH,2250660,2251788,-1	mgsA,2251792,2252209,-1	dapB,2252224,2253028,-1	ypjD,2253020,2253362,-1	
NC_002570:ypjD,1752234,1752579,1	dapB,1752571,1753366,1	mgsA,1753375,1753792,1	ypjG,1753784,1754480,1	ypjH,1754489,1755617,1	cca,1755647,1756775,1	birA,1756771,1757743,1	
NC_002976:dapB,984708,985431,1	birA,1072180,1073152,-1	cca,1073138,1074341,-1	ypjH,1074330,1075473,-1	ypjD,1075494,1075812,-1	
NC_014829:ypjD,2075131,2075476,1	dapB,2075475,2076270,1	mgsA,2076340,2076760,1	ypjG,2076759,2077467,1	ypjH,2077471,2078614,1	cca,2078610,2079768,1	birA,2079764,2080736,1	
NC_015634:mgsA,1112664,1113087,1	birA,1588388,1589246,-1	cca,1589338,1590541,-1	ypjH,1590494,1591535,-1	ypjG,1591675,1592383,-1	dapB,1592401,1593202,-1	ypjD,1593208,1593547,-1	
NC_010184:ypjD,1505501,1505846,1	dapB,1505842,1506643,1	mgsA,1506657,1507053,1	ypjG,1507064,1507769,1	ypjH,1507765,1508911,1	cca,1508897,1510091,1	birA,1510075,1511056,1	
NC_014219:birA,2335900,2336881,-1	cca,2336870,2338025,-1	ypjH,2338028,2339165,-1	ypjG,2339161,2339872,-1	mgsA,2339873,2340290,-1	dapB,2340302,2341097,-1	ypjD,2341093,2341432,-1	
NC_006510:birA,2224499,2225489,-1	cca,2225446,2226661,-1	ypjH,2226657,2227794,-1	ypjG,2227790,2228501,-1	mgsA,2228506,2228941,-1	dapB,2228972,2229770,-1	ypjD,2229766,2230102,-1	
NC_022524:birA,3093984,3094968,-1	cca,3094952,3096143,-1	ypjH,3096144,3097281,-1	ypjG,3097277,3097994,-1	mgsA,3097990,3098407,-1	dapB,3098421,3099222,-1	ypjD,3099233,3099569,-1	
NC_014098:birA,1709267,1710254,-1	cca,1710250,1711519,-1	dapB,1711589,1712393,-1	ypjD,1712389,1712749,-1	ypjH,3211348,3212506,-1	
NC_012673:mgsA,1817878,1818292,-1	dapB,2217338,2218088,1	ypjG,2969902,2970586,1	ypjH,2970582,2971704,1	cca,2971700,2972840,1	birA,2972812,2973775,1	
NC_012491:ypjD,2568053,2568401,1	dapB,2568393,2569146,1	mgsA,2569194,2569605,1	ypjG,2569601,2570297,1	ypjH,2570313,2571456,1	cca,2571583,2572807,1	birA,2572796,2573780,1	
NC_012914:ypjD,2803239,2803575,1	dapB,2804172,2804979,1	mgsA,2805013,2805439,1	ypjG,2805435,2806134,1	ypjH,2806216,2807380,1	cca,2807405,2808659,1	birA,2808661,2809642,1	
NC_014019:ypjD,1366475,1366805,1	dapB,1366818,1367619,1	mgsA,1367631,1368030,1	ypjG,1368040,1368751,1	ypjH,1368751,1369879,1	cca,1369894,1371088,1	birA,1371072,1372062,1	
NC_013893:ypjD,1483049,1483373,1	ypjH,1483399,1484518,1	cca,1484530,1485733,1	birA,1485719,1486691,1	dapB,1531095,1531821,1	
NC_013891:birA,1941859,1942840,-1	cca,1942829,1944011,-1	mgsA,1944026,1944431,-1	dapB,1944446,1945238,-1	ypjD,1945243,1945570,-1	
NC_012121:dapB,1058833,1059562,1	birA,1109907,1110879,-1	cca,1110865,1112068,-1	ypjH,1112070,1113192,-1	ypjD,1113220,1113538,-1	
NC_023134:ypjD,1319049,1319424,1	dapB,1320194,1320998,1	mgsA,1321073,1321514,1	ypjG,1321506,1322199,1	ypjH,1322222,1323383,1	cca,1323405,1324764,1	birA,1324756,1325737,1	
NC_016935:ypjD,3485998,3486340,1	dapB,3486979,3487783,1	mgsA,3487907,3488333,1	ypjG,3488329,3489037,1	ypjH,3489074,3490244,1	cca,3490260,3491583,1	birA,3491579,3492551,1	
NC_011567:ypjD,1107717,1108059,1	dapB,1108031,1108850,1	mgsA,1108842,1109271,1	ypjG,1109237,1109963,1	ypjH,1109959,1111093,1	cca,1111089,1112283,1	birA,1112243,1113233,1	
NC_006582:ypjD,2031117,2031474,1	dapB,2031470,2032265,1	mgsA,2032277,2032706,1	birA,2188231,2189197,-1	cca,2189193,2190324,-1	ypjH,2190320,2191463,-1	ypjG,2191464,2192166,-1	
NC_010382:ypjD,2042862,2043198,1	dapB,2043197,2043995,1	mgsA,2044014,2044419,1	ypjH,2044452,2045598,1	cca,2045584,2046763,1	birA,2046908,2047892,1	
NC_000964:birA,2354917,2355895,-1	cca,2355879,2357073,-1	ypjH,2357077,2358211,-1	ypjG,2358207,2358918,-1	mgsA,2358910,2359324,-1	dapB,2359339,2360143,-1	ypjD,2360154,2360490,-1	
NC_018665:dapB,481921,482668,1	mgsA,722891,723326,1	birA,1591427,1592363,-1	cca,1592359,1593499,-1	ypjH,1593491,1594640,-1	
NC_013205:birA,1724529,1725531,-1	cca,1725517,1726741,-1	ypjH,1726715,1727870,-1	dapB,1727900,1728629,-1	ypjD,1728621,1728978,-1	ypjG,2118776,2119529,-1	mgsA,2863449,2863851,1	
NC_014483:birA,2980642,2981617,-1	cca,2981609,2982932,-1	ypjH,2982987,2984151,-1	ypjG,2984234,2984927,-1	mgsA,2984923,2985361,-1	dapB,2985416,2986220,-1	ypjD,2986820,2987150,-1	
