moaD,a	moaE,b	mobA,c	mobB,d	moeA,e	moeB,f	
NC_011999:moeB,150608,151598,1	moeA,152650,153895,1	moaE,154354,154795,1	mobA,155033,155645,1	
NC_007350:moeB,673878,674883,1	moeA,676088,677348,1	moaE,677836,678283,1	moaD,678288,678522,1	mobA,678528,679137,1	
NC_018065:
NC_013791:moeB,1215333,1216350,1	mobA,2816669,2817260,1	moaD,2818252,2818492,-1	moaE,2818491,2818956,-1	mobB,2818955,2819468,-1	moeA,2819458,2820724,-1	
NC_004193:
NC_018704:
NC_009848:mobA,1380286,1380868,1	moeB,1380897,1381914,1	moeA,1381923,1383201,1	mobB,1383182,1383707,1	moaE,1383703,1384195,1	moaD,1384187,1384421,1	
NC_017668:mobB,1297884,1298400,1	moaE,1298404,1298866,1	moaD,1298862,1299096,1	moeA,1751364,1752666,1	mobA,2213686,2214283,-1	moeB,2387696,2388722,-1	
NC_002570:moeB,1505525,1506548,1	mobA,3133282,3133879,1	moaD,3134083,3134320,-1	moaE,3134316,3134787,-1	mobB,3134789,3135299,-1	moeA,3135295,3136567,-1	
NC_002976:mobA,1880927,1881542,-1	moaD,1881538,1881772,-1	moaE,1881768,1882221,-1	mobB,1882221,1882698,-1	moeA,1882694,1883954,-1	moeB,1885115,1886117,-1	
NC_014829:moeB,877656,878676,1	moaD,3131009,3131249,-1	moaE,3131245,3131719,-1	mobB,3131715,3132255,-1	moeA,3132251,3133550,-1	mobA,3547347,3547989,-1	
NC_015634:moeB,2044999,2046001,-1	moaD,2046495,2046726,-1	moaE,2046722,2047178,-1	mobB,2047182,2047665,-1	moeA,2047624,2048800,-1	mobA,2048819,2049500,-1	
NC_010184:moeB,745368,746388,1	moaD,4537168,4537402,-1	moaE,4537404,4537869,-1	mobB,4537865,4538381,-1	moeA,4538350,4539640,-1	mobA,4574988,4575591,-1	
NC_014219:moaD,1725149,1725386,-1	moaE,1725382,1725856,-1	mobB,1725852,1726371,-1	moeA,1726377,1727664,-1	moeB,2531963,2532983,-1	moeB,2915726,2916734,-1	
NC_006510:moeB,649746,650772,1	mobA,786347,786926,1	moeA,795972,797232,1	mobB,797228,797729,1	moaE,797725,798193,1	moaD,798189,798420,1	
NC_022524:moeA,1348169,1349435,1	mobB,1349428,1349944,1	moeB,4545805,4546825,-1	moaD,4546838,4547069,-1	moaE,4547061,4547526,-1	mobA,4547597,4548194,-1	
NC_014098:moeA,1109331,1110588,1	moeB,1309402,1310425,-1	moaE,2392186,2392633,-1	moaD,2392638,2392884,-1	
NC_012673:mobA,1874994,1875543,1	moeA,1875542,1876778,1	moaE,1877207,1877663,1	moaD,1877659,1877887,1	moeB,1878351,1879362,1	
NC_012491:mobA,1165696,1166329,1	moeA,1172504,1173764,1	mobB,1173767,1174283,1	moaE,4422036,4422744,1	moeB,4422748,4423774,1	
NC_012914:
NC_014019:moaD,4832085,4832319,-1	moaE,4832321,4832786,-1	mobB,4832782,4833310,-1	moeA,4833297,4834563,-1	moeB,4834589,4835606,-1	mobA,4835767,4836337,1	
NC_013893:moeB,814064,815069,1	moeA,816159,817419,1	mobB,817415,817886,1	moaE,817891,818344,1	moaD,818343,818577,1	mobA,818585,819188,1	
NC_013891:moeA,981317,982541,1	mobB,982519,983005,1	moaE,983001,983424,1	moeB,985723,986719,-1	
NC_012121:mobA,1768163,1768757,-1	moaD,1768761,1768995,-1	moaE,1768994,1769447,-1	mobB,1769443,1769926,-1	moeA,1769922,1771182,-1	moeB,1772459,1773461,-1	
NC_023134:mobA,3978532,3979168,-1	moeA,3979731,3980979,-1	moaE,3986574,3987333,1	moeB,3987329,3988379,1	
NC_016935:mobA,1089888,1090554,1	moeB,1749546,1750620,-1	moaE,1750616,1751330,-1	
NC_011567:
NC_006582:mobA,967233,967806,-1	moeA,969409,970696,1	mobB,970662,971178,1	moaE,971177,971606,1	moaD,971616,971856,1	moeB,1851046,1852060,1	
NC_010382:moaD,3248221,3248455,-1	moaE,3248447,3248927,-1	mobB,3248923,3249448,-1	moeA,3249411,3250701,-1	moeB,3250714,3251737,-1	mobA,3252397,3252988,1	
NC_000964:mobA,1495504,1496104,1	moeB,1496154,1497174,1	moeA,1497191,1498484,1	mobB,1498444,1498966,1	moaE,1498965,1499439,1	moaD,1499431,1499665,1	
NC_018665:
NC_013205:
NC_014483:mobB,2755294,2755843,-1	moeA,2755839,2757117,-1	moaD,3689455,3689689,-1	moaE,3689681,3690125,-1	moeB,3690210,3691230,-1	mobA,4916236,4916917,-1	
