murQ,a	ybbC,b	ybbD,c	ybbE,d	ybbF,e	ybbH,f	
NC_011999:
NC_007350:ybbH,630265,631141,-1	ybbF,631142,632582,-1	murQ,632654,633542,-1	
NC_018065:
NC_013791:ybbC,1931408,1932674,-1	ybbD,1932695,1934795,-1	ybbF,1935963,1937316,-1	murQ,1937330,1938227,-1	ybbH,1938363,1939218,-1	ybbE,3468560,3469913,-1	
NC_004193:ybbH,641552,642401,1	murQ,642515,643400,1	ybbF,643411,644779,1	ybbE,703854,705339,1	ybbD,1340700,1342707,1	ybbC,1347397,1348927,1	
NC_018704:
NC_009848:ybbC,148095,149343,-1	ybbD,149354,151274,-1	ybbE,151287,152643,-1	ybbF,152662,154036,-1	ybbH,154032,154902,-1	murQ,154916,155828,-1	
NC_017668:
NC_002570:ybbC,727568,728825,-1	ybbD,728849,730910,-1	ybbE,777262,778699,-1	ybbH,2794968,2795832,1	ybbF,3675650,3677012,-1	murQ,3677033,3677930,-1	
NC_002976:murQ,1920655,1921543,1	ybbF,1921555,1922980,1	ybbH,1922993,1923866,1	ybbE,2038556,2040074,1	
NC_014829:
NC_015634:ybbH,2349825,2350695,-1	ybbF,2350694,2352164,-1	murQ,2352181,2353069,-1	
NC_010184:ybbH,820807,821671,1	murQ,821826,822711,1	ybbF,822734,824099,1	ybbE,2122095,2123553,-1	
NC_014219:ybbC,198498,199647,1	murQ,200664,201573,1	ybbD,204923,206531,1	ybbH,206559,207414,1	ybbF,2733973,2735410,1	
NC_006510:
NC_022524:ybbF,2807305,2808667,-1	murQ,2808887,2809796,-1	ybbH,2830939,2831818,-1	ybbC,4095976,4097242,-1	ybbD,4097352,4099431,-1	ybbE,4099450,4101148,-1	
NC_014098:
NC_012673:ybbC,983286,984522,1	ybbH,1193852,1194701,-1	ybbF,1363152,1364526,-1	murQ,1364539,1365424,-1	ybbD,1372922,1374872,-1	ybbE,1453026,1454043,1	
NC_012491:ybbH,1374161,1375028,1	ybbE,1375045,1376083,1	ybbC,2191292,2193356,-1	murQ,4970190,4971105,-1	ybbD,4971143,4972757,-1	
NC_012914:ybbD,375864,378027,1	ybbD,1746574,1748182,1	ybbH,7105049,7105904,1	
NC_014019:murQ,859783,860122,1	ybbH,860134,860989,1	ybbF,861078,862440,1	
NC_013893:ybbE,622502,624014,-1	ybbH,778609,779482,-1	ybbF,779485,780874,-1	murQ,780887,781775,-1	
NC_013891:ybbD,1568031,1570302,-1	ybbF,1624961,1626410,-1	murQ,1626422,1627313,-1	ybbH,1627463,1628315,-1	ybbE,1953748,1954750,1	
NC_012121:ybbH,2154366,2155233,-1	ybbF,2155236,2156712,-1	murQ,2156724,2157609,-1	
NC_023134:ybbC,349856,350780,1	ybbD,940809,942375,1	ybbE,1778995,1782103,1	ybbF,3229546,3230968,-1	murQ,3231041,3231929,-1	ybbH,3287754,3288618,-1	
NC_016935:
NC_011567:
NC_006582:ybbH,334280,335129,1	ybbH,334280,335129,1	murQ,340426,341317,1	ybbF,341339,342692,1	ybbE,1696810,1697920,1	
NC_010382:ybbE,802237,803257,1	murQ,807406,808312,1	ybbH,808383,809259,1	ybbD,2460034,2461735,1	
NC_000964:ybbC,185193,186438,-1	ybbD,186451,188380,-1	ybbE,188407,189733,-1	ybbF,189789,191157,-1	ybbH,191182,192034,-1	murQ,192050,192965,-1	
NC_018665:ybbH,458014,458869,1	ybbD,1263171,1265112,1	murQ,1265186,1266080,1	ybbF,1266092,1267466,1	
NC_013205:
NC_014483:
