dusB,a	folB,b	folK,c	pabA,d	pabB,e	pabC,f	sul,g	yazB,h	
NC_011999:pabA,490982,491564,1	pabB,491547,493227,1	dusB,2032173,2033178,-1	folK,2033188,2033662,-1	folB,2033662,2034025,-1	sul,2034014,2034803,-1	
NC_007350:dusB,185794,186769,1	pabC,1045580,1046426,1	pabA,1422837,1423434,-1	pabB,1423430,1424837,-1	folK,2314984,2315464,-1	folB,2315460,2315829,-1	sul,2315806,2316610,-1	
NC_018065:dusB,13427,14438,-1	yazB,14460,14664,-1	folK,14615,15140,-1	folB,15136,15505,-1	sul,15515,16376,-1	pabC,16359,17223,-1	pabA,17234,17804,-1	pabB,17800,19210,-1	
NC_013791:pabB,89303,90770,1	pabA,90792,91377,1	pabC,91373,92231,1	sul,92243,93026,1	folB,93028,93397,1	folK,93386,93914,1	yazB,93865,94069,1	dusB,94096,95098,1	
NC_004193:sul,87476,88298,1	folB,88300,88666,1	folK,88662,89175,1	yazB,89144,89375,1	pabA,558092,558704,-1	pabB,558684,560091,-1	dusB,839646,840627,1	pabC,1129962,1130829,-1	
NC_018704:sul,89819,90647,1	folB,90647,91019,1	folK,91011,91542,1	yazB,91493,91706,1	pabA,395972,397508,1	dusB,544627,545581,1	pabB,2217355,2218738,-1	
NC_009848:pabB,61941,63360,1	pabA,63373,63967,1	pabC,63963,64812,1	sul,64822,65680,1	folB,65696,66035,1	folK,66031,66535,1	yazB,66486,66720,1	dusB,66712,67714,1	
NC_017668:sul,94914,95748,1	folB,95740,96106,1	folK,96102,96600,1	pabC,1576858,1577761,1	pabB,3799839,3801564,-1	pabA,3801560,3802166,-1	dusB,4044952,4045951,1	
NC_002570:pabB,109551,111012,1	pabA,111030,111627,1	pabC,111610,112498,1	sul,112475,113318,1	folB,113325,113670,1	folK,113670,114195,1	yazB,114146,114368,1	dusB,114381,115386,1	
NC_002976:sul,145474,146293,1	folB,146270,146636,1	folK,146636,147116,1	pabB,954083,955490,1	pabA,955486,956053,1	pabC,1358348,1359197,-1	dusB,2474976,2475957,1	
NC_014829:pabB,93068,94493,1	pabA,94509,95106,1	pabC,95090,95957,1	sul,95960,96803,1	folB,96816,97176,1	folK,97178,97715,1	yazB,97666,97873,1	dusB,97891,98887,1	
NC_015634:sul,64450,65287,1	folB,65264,65633,1	folK,65625,66144,1	pabC,2078106,2078976,-1	pabA,2380037,2380637,-1	pabB,2380617,2382000,-1	dusB,2445395,2446391,-1	
NC_010184:pabB,74474,75872,1	pabA,75877,76465,1	pabC,76458,77331,1	sul,77305,78166,1	folB,78166,78529,1	folK,78525,79041,1	yazB,78992,79196,1	dusB,79219,80218,1	
NC_014219:pabB,80966,82388,1	pabA,82412,83009,1	pabC,82993,83854,1	sul,83887,84748,1	folB,84772,85147,1	folK,85136,85658,1	dusB,85692,86691,1	
NC_006510:pabB,80101,81523,1	pabA,81537,82104,1	pabC,82109,82985,1	sul,82984,83836,1	folB,83843,84188,1	folK,84188,84716,1	yazB,84667,84889,1	dusB,84905,85907,1	
NC_022524:pabB,87061,88477,1	pabA,88473,89064,1	pabC,89066,89942,1	sul,89938,90775,1	folB,90767,91127,1	folK,91129,91657,1	yazB,91608,91824,1	dusB,91854,92847,1	
NC_014098:sul,99127,100309,1	folB,100310,100676,1	folK,100650,101190,1	yazB,101144,101369,1	dusB,101365,102361,1	pabC,945437,946343,1	pabB,1923958,1925416,-1	pabA,1925412,1926021,-1	
NC_012673:dusB,1614947,1615943,-1	folK,1615956,1616454,-1	folB,1616450,1616816,-1	sul,1616808,1617594,-1	pabC,1617605,1618424,-1	pabA,1618407,1618992,-1	pabB,1618988,1620368,-1	
NC_012491:pabB,180915,182409,1	pabA,182426,183011,1	pabC,184905,185751,1	sul,186148,186991,1	folB,186994,187366,1	folK,187362,187893,1	yazB,187844,188054,1	dusB,188124,189153,1	
NC_012914:pabB,80104,81670,1	pabA,81703,82285,1	pabC,82281,83163,1	sul,83159,84047,1	folB,84162,84549,1	folK,84526,85078,1	yazB,85029,85239,1	dusB,85328,86345,1	
NC_014019:pabB,84271,85687,1	pabA,85689,86271,1	pabC,86275,87139,1	folB,87160,87520,1	folK,87520,88066,1	sul,796846,797695,1	dusB,5065552,5066551,1	
NC_013893:dusB,7045,8026,-1	pabC,1207110,1207956,1	pabB,1505009,1506413,1	pabA,1506409,1506976,1	folK,2456831,2457311,-1	folB,2457311,2457677,-1	sul,2457654,2458458,-1	
NC_013891:sul,217718,218534,1	folB,218549,218924,1	folK,218916,219396,1	dusB,219469,220465,1	pabC,1579151,1580021,-1	pabA,1591923,1592529,-1	pabB,1592525,1593890,-1	
NC_012121:sul,168846,169632,1	folB,169628,170003,1	folK,169995,170478,1	dusB,170501,171497,1	pabA,366156,366744,1	pabB,366733,367879,1	pabC,1373994,1374849,-1	
NC_023134:dusB,3854591,3855608,-1	yazB,3855625,3855838,-1	folK,3855789,3856323,-1	folB,3856328,3856694,-1	sul,3856723,3857551,-1	pabC,3857553,3858429,-1	pabA,3858499,3859102,-1	pabB,3859109,3860711,-1	
NC_016935:dusB,8331164,8332157,-1	yazB,8332192,8332423,-1	folK,8332404,8332935,-1	folB,8332938,8333301,-1	sul,8333342,8334194,-1	pabC,8334225,8335113,-1	pabA,8335109,8335691,-1	pabB,8335694,8337245,-1	
NC_011567:pabB,76337,77762,1	pabA,77758,78343,1	pabC,78349,79219,1	sul,79215,80052,1	folB,80014,80404,1	folK,80407,80938,1	dusB,80883,81939,1	
NC_006582:pabB,128806,130240,1	pabA,130252,130846,1	pabC,130830,131670,1	sul,131666,132491,1	folB,132483,132849,1	folK,132841,133360,1	dusB,133480,134482,1	
NC_010382:pabB,100804,102184,1	pabA,102180,102762,1	pabC,102789,103602,1	sul,103615,104470,1	folB,104469,104835,1	folK,104834,105347,1	dusB,105416,106457,1	
NC_000964:pabB,82863,84276,1	pabA,84289,84874,1	pabC,84873,85755,1	sul,85736,86594,1	folB,86586,86949,1	folK,86945,87449,1	yazB,87400,87610,1	dusB,87633,88635,1	
NC_018665:pabB,74875,76264,1	pabA,76260,76842,1	pabC,76825,77665,1	sul,77661,78453,1	folB,78455,78827,1	folK,78823,79315,1	dusB,79340,80345,1	
NC_013205:sul,221684,222473,1	folK,222450,222951,1	yazB,222934,223255,1	folB,1038772,1039159,1	pabA,1258383,1258950,1	pabB,1258974,1260522,1	dusB,2138825,2139812,-1	pabC,2290522,2291410,-1	
NC_014483:pabB,69785,71408,1	pabA,71413,71989,1	pabC,71992,72889,1	sul,72885,73752,1	folB,73966,74329,1	folK,74338,74887,1	yazB,74838,75039,1	dusB,75084,76113,1	
