crh,a	whiA,b	yvcI,c	yvcJ,d	yvcK,e	yvcN,f	
NC_011999:yvcJ,548166,549069,1	yvcK,549055,550048,1	whiA,550049,551000,1	
NC_007350:crh,1776149,1776416,-1	whiA,2008491,2009436,-1	yvcK,2009474,2010485,-1	yvcJ,2010471,2011398,-1	yvcN,2377034,2377814,-1	
NC_018065:yvcI,818004,818475,1	yvcJ,818489,819371,1	yvcK,819375,820353,1	whiA,820403,821345,1	crh,821499,821757,1	
NC_013791:crh,3318625,3318883,-1	whiA,3318917,3319874,-1	yvcK,3319978,3320932,-1	yvcJ,3320928,3321822,-1	yvcI,3321916,3322396,-1	
NC_004193:yvcI,1033249,1033675,1	crh,2522012,2522273,-1	whiA,2522608,2523553,-1	yvcK,2523748,2524702,-1	yvcJ,2524703,2525585,-1	
NC_018704:yvcI,731350,731809,1	yvcJ,731831,732713,1	yvcK,732717,733686,1	whiA,733701,734655,1	crh,734783,735041,1	
NC_009848:yvcN,3088351,3089098,-1	crh,3089135,3089393,-1	whiA,3089419,3090370,-1	yvcK,3090387,3091347,-1	yvcJ,3091347,3092271,-1	yvcI,3092274,3092739,-1	
NC_017668:crh,2961173,2961428,-1	whiA,2961561,2962518,-1	yvcK,2962553,2963507,-1	yvcJ,2963510,2964395,-1	yvcI,2964412,2964880,-1	
NC_002570:crh,3668259,3668514,-1	whiA,3668554,3669517,-1	yvcK,3669580,3670549,-1	yvcJ,3670550,3671438,-1	yvcI,3671441,3671921,-1	
NC_002976:yvcJ,437907,438795,1	yvcK,438803,439790,1	whiA,439918,440863,1	crh,664880,665147,1	yvcN,2340314,2341100,1	
NC_014829:crh,3774075,3774333,-1	whiA,3774413,3775358,-1	yvcK,3775491,3776436,-1	yvcJ,3776432,3777329,-1	yvcI,3777349,3777847,-1	
NC_015634:yvcI,802245,802704,1	yvcJ,802740,803631,1	yvcK,803627,804608,1	whiA,804688,805642,1	crh,805767,806022,1	
NC_010184:yvcN,3247382,3248174,1	crh,4906914,4907163,-1	whiA,4907186,4908137,-1	yvcK,4908225,4909179,-1	yvcJ,4909182,4910064,-1	yvcI,4910084,4910543,-1	
NC_014219:yvcJ,1279392,1280292,1	yvcK,1280288,1281239,1	whiA,1281283,1282231,1	crh,1282317,1282575,1	
NC_006510:crh,3084350,3084608,-1	whiA,3084622,3085585,-1	yvcK,3085705,3086659,-1	yvcJ,3086655,3087552,-1	yvcI,3087570,3088029,-1	
NC_022524:yvcN,2174672,2175413,-1	crh,3971951,3972209,-1	whiA,3972239,3973190,-1	yvcK,3973231,3974215,-1	yvcJ,3974211,3975105,-1	yvcI,3975134,3975497,-1	
NC_014098:whiA,2158395,2159361,-1	yvcK,2159345,2160530,-1	yvcJ,2160516,2161410,-1	
NC_012673:whiA,824700,825654,-1	yvcK,825688,826684,-1	yvcJ,826685,827558,-1	crh,2596974,2597238,1	
NC_012491:yvcI,2618720,2619212,-1	crh,5567497,5567755,-1	whiA,5567804,5568752,-1	yvcK,5568760,5569771,-1	yvcJ,5569849,5570731,-1	yvcN,6102357,6103134,-1	
NC_012914:yvcJ,186461,187388,1	yvcK,187400,188387,1	whiA,188394,189324,1	crh,189479,189749,1	yvcI,7032344,7032839,1	
NC_014019:yvcN,722461,723217,-1	crh,4860177,4860432,-1	whiA,4860460,4861405,-1	yvcK,4861438,4862425,-1	yvcJ,4862421,4863315,-1	yvcI,4863356,4863815,-1	
NC_013893:yvcN,226754,227552,-1	crh,1862027,1862294,-1	whiA,2129363,2130308,-1	yvcK,2130353,2131361,-1	yvcJ,2131357,2132269,-1	
NC_013891:crh,948911,949178,1	whiA,2441519,2442491,-1	yvcK,2442498,2443467,-1	yvcJ,2443468,2444344,-1	
NC_012121:yvcI,53493,53898,-1	yvcN,90961,91750,1	yvcJ,427149,428103,1	yvcK,428089,429088,1	whiA,429106,430051,1	crh,708542,708809,1	
NC_023134:yvcJ,255478,256360,1	yvcK,256371,257349,1	whiA,257354,258281,1	crh,258495,258744,1	
NC_016935:yvcJ,210950,211850,1	yvcK,211846,212836,1	whiA,212842,213781,1	crh,214215,214485,1	yvcN,1705254,1706052,1	
NC_011567:crh,2500329,2500629,-1	whiA,2500606,2501578,-1	yvcK,2501581,2502547,-1	yvcJ,2502543,2503434,-1	yvcI,2503451,2503910,-1	
NC_006582:crh,3155197,3155455,-1	whiA,3155458,3156433,-1	yvcK,3156476,3157463,-1	yvcJ,3157459,3158350,-1	yvcI,3158346,3158835,-1	
NC_010382:yvcI,466738,467206,1	yvcJ,467215,468109,1	yvcK,468113,469082,1	whiA,469157,470123,1	crh,470236,470494,1	
NC_000964:yvcN,3568526,3569291,-1	crh,3569291,3569549,-1	whiA,3569572,3570523,-1	yvcK,3570545,3571499,-1	yvcJ,3571500,3572388,-1	yvcI,3572412,3572889,-1	
NC_018665:yvcI,1307212,1307692,-1	yvcN,1307706,1308507,-1	crh,1957849,1958113,-1	whiA,2200679,2201636,-1	yvcK,2201632,2202631,-1	yvcJ,2202630,2203500,-1	
NC_013205:yvcI,483627,484182,1	yvcJ,484178,485045,1	yvcK,485048,486215,1	whiA,486226,487210,1	crh,487271,487544,1	
NC_014483:yvcJ,210088,210988,1	yvcK,211000,211987,1	whiA,211992,212937,1	crh,213073,213343,1	yvcI,1417935,1418427,1	
