rtpA,a	ycbK,b	ycbL,c	ycbM,d	ycbN,e	ycbO,f	
NC_011999:ycbN,3087,3984,1	ycbL,26180,26882,1	ycbM,26886,28725,1	
NC_007350:ycbL,28099,28801,1	ycbM,28813,30646,1	ycbN,106171,106834,1	
NC_018065:ycbN,1303099,1303873,-1	ycbL,1304236,1304947,1	ycbM,1304946,1306485,1	
NC_013791:ycbN,420889,421651,-1	ycbM,421754,422762,-1	ycbL,422766,423447,-1	
NC_004193:ycbL,376110,376881,1	ycbM,376864,377866,1	ycbN,377963,378647,1	
NC_018704:ycbN,172197,172869,1	ycbL,321433,322132,1	ycbM,322128,323448,1	
NC_009848:ycbM,2974982,2976737,-1	ycbL,2976740,2977463,-1	ycbN,2977639,2978455,-1	
NC_017668:ycbN,21294,21924,-1	ycbL,581212,581896,1	ycbM,581882,582962,1	
NC_002570:ycbO,888392,889085,-1	ycbN,889056,890001,-1	ycbM,890112,891042,-1	ycbL,891038,891743,-1	
NC_002976:ycbL,315483,316158,1	ycbM,316150,317191,1	ycbN,317336,318098,1	
NC_014829:ycbN,561242,561926,-1	ycbM,562025,563027,-1	ycbL,563028,563703,-1	
NC_015634:ycbN,1376517,1377276,-1	ycbM,1377375,1378380,-1	ycbL,1378376,1379069,-1	
NC_010184:ycbO,4358136,4358832,-1	ycbO,4358936,4359650,-1	ycbN,4359829,4360753,-1	ycbM,4360878,4361814,-1	ycbL,4361815,4362508,-1	
NC_014219:ycbM,2881678,2883106,-1	ycbL,2883123,2883834,-1	ycbN,2883946,2884714,1	
NC_006510:ycbN,204803,205595,-1	ycbL,334883,335582,1	ycbM,335568,336987,1	
NC_022524:ycbN,4549970,4550882,-1	ycbM,4551227,4552607,-1	ycbL,4552603,4553281,-1	
NC_014098:ycbN,115829,116552,1	ycbL,266718,267423,-1	ycbM,267511,268627,1	
NC_012673:ycbN,1135268,1136030,-1	ycbL,1136136,1136826,1	ycbM,1136836,1138213,1	
NC_012491:ycbO,3833309,3834002,-1	ycbN,3833994,3834918,-1	ycbM,3835073,3836033,-1	ycbL,3836010,3836715,-1	
NC_012914:ycbN,5565266,5566043,-1	ycbM,5566188,5567247,-1	ycbL,5567243,5567966,-1	
NC_014019:ycbN,3712270,3713038,-1	ycbM,3713478,3714513,-1	ycbL,3714514,3715186,-1	
NC_013893:ycbL,357423,358089,1	ycbM,358094,359003,1	ycbN,359108,359858,1	
NC_013891:ycbN,28283,28913,-1	ycbL,290507,291221,1	ycbM,291408,293241,1	
NC_012121:ycbL,311274,311955,1	ycbM,311941,312985,1	ycbN,313077,313839,1	
NC_023134:ycbN,102159,102909,1	ycbL,167662,168511,1	ycbM,168511,170338,1	
NC_016935:ycbN,1475635,1476406,-1	ycbM,1476492,1477500,-1	ycbL,1477570,1478095,-1	
NC_011567:ycbN,222556,224452,-1	ycbM,311648,313073,-1	ycbL,313008,313689,-1	
NC_006582:ycbL,1283574,1284270,1	ycbM,1284266,1285211,1	ycbN,1285309,1286239,1	ycbO,1286235,1286940,1	
NC_010382:ycbL,770416,771115,1	ycbM,771120,772056,1	ycbN,772160,773117,1	ycbO,773121,773799,1	
NC_000964:rtpA,277159,277321,1	ycbK,277341,278280,1	ycbL,278376,279057,1	ycbM,279058,279994,1	ycbN,280085,281009,1	ycbO,281027,281714,1	
NC_018665:ycbN,182300,184019,1	ycbL,735203,735581,1	ycbM,735561,738126,1	
NC_013205:ycbN,54512,55526,-1	ycbL,55674,56349,1	ycbM,56345,57458,1	
NC_014483:ycbO,1313363,1314059,-1	ycbN,1314051,1314975,-1	ycbM,1315101,1316046,-1	ycbL,1316047,1316755,-1	
