holB,a	tmk,b	yaaO,c	yaaQ,d	yaaR,e	yaaT,f	yabA,g	yabB,h	yabC,i	yazA,j	
NC_011999:yabC,2060213,2061050,-1	yabB,2061293,2062049,-1	yabA,2062060,2062396,-1	yaaT,2062407,2063208,-1	holB,2063204,2064125,-1	yaaQ,2064172,2064502,-1	tmk,2064535,2065150,-1	yaaO,2065163,2066561,-1	
NC_007350:yabC,2343375,2344212,-1	yazA,2344215,2344464,-1	yabB,2344456,2345182,-1	yabA,2345301,2345643,-1	yaaT,2345658,2346462,-1	holB,2346464,2347394,-1	yaaQ,2347525,2347855,-1	tmk,2347881,2348499,-1	yaaO,2348500,2349844,-1	
NC_018065:yabC,57549,58422,-1	yazA,58402,58681,-1	yabB,58664,59414,-1	yabA,59502,59862,-1	yaaT,59886,60702,-1	holB,60694,61717,-1	yaaR,61821,62262,-1	yaaQ,62398,62728,-1	tmk,62927,63557,-1	yaaO,63576,64998,-1	
NC_013791:yaaO,40858,42310,1	tmk,42306,42948,1	yaaQ,42982,43312,1	holB,43327,44317,1	yaaT,44321,45152,1	yabA,45167,45518,1	yabB,45627,46368,1	yazA,46364,46634,1	yabC,46617,47481,1	yaaR,1283190,1283628,1	
NC_004193:yaaO,37464,38883,1	tmk,38893,39571,1	yaaQ,39539,39869,1	yaaR,39897,40329,1	holB,40377,41367,1	yaaT,41371,42196,1	yabA,42210,42573,1	yabB,42850,43591,1	yazA,43583,43844,1	yabC,43850,44732,1	
NC_018704:tmk,34383,35013,1	yaaQ,35037,35367,1	yaaR,35390,35831,1	holB,35967,36954,1	yaaT,36960,37788,1	yabA,37804,38149,1	yabB,38297,39035,1	yazA,39024,39306,1	yabC,39289,40168,1	
NC_009848:yaaO,16669,18079,1	tmk,18075,18714,1	yaaQ,18793,19123,1	yaaR,19135,19576,1	holB,19587,20577,1	yaaT,20579,21407,1	yabA,21421,21775,1	yabB,21830,22574,1	yazA,22560,22857,1	yabC,22834,23713,1	
NC_017668:yaaO,46787,48224,1	tmk,48220,48856,1	yaaQ,48906,49236,1	yaaR,49255,49696,1	holB,49711,50698,1	yaaT,50706,51534,1	yabA,51499,51901,1	yabB,52660,53407,1	yazA,53396,53687,1	yabC,53664,54546,1	
NC_002570:yaaO,59285,60734,1	tmk,60730,61363,1	yaaQ,61381,61711,1	holB,61727,62714,1	yaaT,62718,63546,1	yabA,63561,63912,1	yabB,63976,64717,1	yazA,64713,64998,1	yabC,64966,65836,1	yaaR,1558807,1559245,1	
NC_002976:yaaO,111696,113034,1	tmk,113037,113649,1	yaaQ,113682,114012,1	holB,114317,115244,1	yaaT,115245,116049,1	yabA,116065,116413,1	yabB,116508,117234,1	yazA,117226,117475,1	yabC,117476,118316,1	
NC_014829:yaaO,46201,47656,1	tmk,47652,48294,1	yaaQ,48362,48692,1	holB,48725,49712,1	yaaT,49713,50541,1	yabA,50556,50937,1	yabB,51054,51777,1	yabC,51803,52685,1	yaaR,1945980,1946418,1	
NC_015634:yaaO,17114,18572,1	tmk,18585,19239,1	yaaQ,19340,19670,1	yaaR,19685,20126,1	holB,20142,21144,1	yaaT,21136,21964,1	yabA,22015,22363,1	yabB,22470,23190,1	yazA,23173,23464,1	yabC,23438,24314,1	
NC_010184:yaaO,34323,35745,1	tmk,35746,36373,1	holB,36408,37392,1	yaaT,37397,38225,1	yabA,38239,38590,1	yabB,38710,39451,1	yazA,39437,39728,1	yabC,39696,40572,1	
NC_014219:yaaO,43791,45258,1	tmk,45244,45877,1	yaaQ,45932,46262,1	holB,46298,47291,1	yaaT,47296,48124,1	yabA,48139,48508,1	yabB,48579,49305,1	yazA,49291,49573,1	yabC,49569,50472,1	yaaR,2455537,2455978,-1	
NC_006510:yaaO,36818,38252,1	tmk,38266,38911,1	holB,38996,39983,1	yaaT,39997,40825,1	yabA,40840,41203,1	yabB,41266,42013,1	yabC,42028,42940,1	yaaR,3160063,3160501,-1	
NC_022524:yaaO,39415,40924,1	tmk,40916,41552,1	yaaQ,41727,42057,1	yaaR,42082,42523,1	holB,42536,43544,1	yaaT,43536,44364,1	yabA,44377,44746,1	yabB,44804,45545,1	yazA,45534,45822,1	yabC,45799,46678,1	
NC_014098:yaaO,40764,42264,1	tmk,42260,42890,1	yaaQ,42903,43230,1	holB,43766,44783,1	yaaT,44788,45454,1	yabA,45479,45803,1	yabC,45858,46767,1	
NC_012673:yaaR,859243,859687,1	yabC,1650138,1651008,-1	yazA,1650979,1651258,-1	yabB,1651250,1651988,-1	yabA,1652048,1652384,-1	yaaT,1652407,1653238,-1	holB,1653244,1654237,-1	yaaQ,1654251,1654584,-1	tmk,1654580,1655219,-1	yaaO,1655222,1656641,-1	
NC_012491:yaaO,81731,83204,1	tmk,83243,83885,1	yaaQ,84027,84357,1	yaaR,84449,84896,1	holB,84912,85893,1	yaaT,85896,86712,1	yabA,86740,87112,1	yabB,87220,87988,1	yazA,87962,88238,1	yabC,88234,89107,1	
NC_012914:yaaO,17605,19078,1	tmk,19175,19829,1	yaaQ,19888,20218,1	yaaR,20234,20678,1	holB,20693,21671,1	yaaT,21675,22485,1	yabA,22517,22934,1	yabB,23005,23701,1	yabC,23731,24619,1	
NC_014019:yaaO,41195,42620,1	tmk,42636,43263,1	yaaQ,43326,43656,1	holB,43689,44682,1	yaaT,44686,45514,1	yabA,45528,45894,1	yabB,45972,46719,1	yazA,46705,46993,1	yabC,46970,47843,1	yaaR,4923225,4923663,-1	
NC_013893:yabC,2484667,2485513,-1	yazA,2485514,2485763,-1	yabB,2485755,2486481,-1	yabA,2486573,2486921,-1	yaaT,2486937,2487741,-1	holB,2487741,2488668,-1	yaaQ,2488964,2489294,-1	tmk,2489321,2489939,-1	yaaO,2489942,2491286,-1	
NC_013891:holB,144486,145479,1	yaaT,145484,146318,1	yabA,146328,146718,1	yabB,146754,147528,1	yazA,147511,147781,1	yabC,147777,148659,1	yaaQ,2663483,2663813,-1	tmk,2663920,2664547,-1	yaaO,2664600,2665980,-1	
NC_012121:yaaO,126794,128144,1	tmk,128145,128760,1	yaaQ,128970,129300,1	holB,129473,130400,1	yaaT,130400,131207,1	yabA,131221,131611,1	yabB,131699,132491,1	yazA,132480,132741,1	yabC,132737,133577,1	
NC_023134:yabC,3907847,3908717,-1	yabB,3908727,3909507,-1	yabA,3909573,3909909,-1	yaaT,3909927,3910737,-1	holB,3910739,3911675,-1	yaaR,3911768,3912176,-1	yaaQ,3912261,3912612,-1	tmk,3912623,3913289,-1	yaaO,3913359,3914793,-1	
NC_016935:yabC,8382310,8383192,-1	yabB,8383210,8384017,-1	yabA,8384185,8384572,-1	yaaT,8384586,8385390,-1	holB,8385392,8386370,-1	yaaR,8386422,8386869,-1	yaaQ,8386888,8387218,-1	tmk,8387333,8387975,-1	yaaO,8388024,8389503,-1	
NC_011567:yaaO,34688,36113,1	tmk,36114,36744,1	holB,36754,37753,1	yaaT,37745,38573,1	yabA,38588,38936,1	yabB,38990,39725,1	yabC,39731,40598,1	yaaR,2561844,2562291,-1	
NC_006582:yaaO,66938,68375,1	tmk,68377,69019,1	yaaQ,69040,69370,1	holB,69376,70375,1	yaaT,70378,71206,1	yabA,71210,71570,1	yabB,71664,72396,1	yazA,72392,72656,1	yabC,72652,73519,1	yaaR,1877498,1877933,1	
NC_010382:yaaO,55226,56660,1	tmk,56660,57308,1	yaaQ,57677,57800,1	yaaR,58144,58372,1	holB,58668,59673,1	yaaT,59665,60481,1	yabA,60499,60865,1	yabB,60928,61678,1	yazA,61715,61925,1	yabC,61921,62797,1	
NC_000964:yaaO,37719,39162,1	tmk,39158,39797,1	yaaQ,39870,40200,1	yaaR,40212,40653,1	holB,40664,41654,1	yaaT,41656,42484,1	yabA,42498,42858,1	yabB,42916,43660,1	yazA,43646,43946,1	yabC,43920,44799,1	
NC_018665:yaaO,40708,42118,1	tmk,42114,42753,1	yaaQ,42749,43079,1	holB,43078,44071,1	yaaT,44077,44908,1	yabA,44904,45267,1	yabB,45316,46054,1	yazA,46046,46319,1	yabC,46302,47157,1	yaaR,2233474,2233915,1	
NC_013205:yaaO,137183,138584,1	tmk,138576,139218,1	yaaQ,139234,139564,1	holB,139586,140525,1	yaaT,140518,141178,1	yabA,141196,141502,1	yabC,141583,142456,1	
NC_014483:yaaO,19782,21366,1	tmk,21469,22117,1	yaaQ,22191,22521,1	yaaR,22718,23162,1	holB,23323,24319,1	yaaT,24457,25258,1	yabA,25285,25660,1	yabB,25749,26505,1	yabC,26501,27383,1	
