acpP,a	fabD,b	fabG,c	plsX,d	ylpC,e	
NC_011999:ylpC,884629,885193,1	plsX,885195,886176,1	fabD,886168,887065,1	fabG,887054,887801,1	
NC_007350:acpP,1602662,1602896,-1	fabG,1603139,1603880,-1	fabD,1603866,1604793,-1	plsX,1604785,1605772,-1	ylpC,1605764,1606334,-1	
NC_018065:acpP,3095527,3095764,-1	fabG,3096026,3096773,-1	fabD,3096763,3097717,-1	plsX,3097742,3098738,-1	ylpC,3098734,3099307,-1	
NC_013791:acpP,2349367,2349601,-1	fabG,2349690,2350434,-1	fabD,2350433,2351381,-1	plsX,2351399,2352401,-1	ylpC,2352420,2352981,-1	
NC_004193:ylpC,1565914,1566490,1	plsX,1566491,1567490,1	fabD,1567492,1568431,1	fabG,1568431,1569172,1	acpP,1569285,1569519,1	
NC_018704:acpP,1570511,1570745,-1	fabG,1570777,1571524,-1	fabD,1571516,1572452,-1	plsX,1572448,1573459,-1	ylpC,1573476,1574037,-1	
NC_009848:ylpC,1542977,1543544,1	plsX,1543559,1544558,1	fabD,1544573,1545518,1	fabG,1545517,1546261,1	acpP,1546342,1546576,1	
NC_017668:ylpC,2000620,2001181,1	plsX,2001196,2002201,1	fabD,2002197,2003139,1	fabG,2003138,2003879,1	acpP,2003938,2004172,1	
NC_002570:acpP,2609393,2609627,-1	fabG,2609710,2610451,-1	fabD,2610454,2611396,-1	plsX,2611400,2612414,-1	ylpC,2612429,2612990,-1	
NC_002976:ylpC,794866,795442,1	plsX,795443,796421,1	fabD,796422,797352,1	fabG,797344,798079,1	acpP,798241,798475,1	
NC_014829:acpP,2737901,2738135,-1	fabG,2738196,2738934,-1	fabD,2738933,2739881,-1	plsX,2739886,2740885,-1	ylpC,2740902,2741460,-1	
NC_015634:ylpC,1154376,1154958,1	plsX,1155074,1156067,1	fabD,1156134,1157022,1	fabG,1157038,1157782,1	acpP,1157865,1158099,1	
NC_010184:acpP,3724743,3724977,-1	fabG,3725046,3725787,-1	fabD,3725786,3726731,-1	plsX,3726745,3727738,-1	ylpC,3727734,3728328,-1	
NC_014219:ylpC,1906710,1907292,1	plsX,1907288,1908296,1	fabD,1908292,1909243,1	fabG,1909261,1910002,1	acpP,1910058,1910292,1	
NC_006510:ylpC,1207824,1208421,1	plsX,1208404,1209388,1	fabD,1209409,1210351,1	fabG,1210355,1211099,1	acpP,1211160,1211394,1	
NC_022524:ylpC,1740114,1740684,1	plsX,1740718,1741723,1	fabD,1741755,1742703,1	fabG,1742699,1743443,1	acpP,1743537,1743771,1	
NC_014098:ylpC,1454409,1455006,1	plsX,1454989,1456027,1	fabD,1456029,1456974,1	fabG,1456970,1457723,1	acpP,1457749,1457986,1	
NC_012673:ylpC,2848630,2849200,1	plsX,2849196,2850186,1	fabD,2850204,2851125,1	fabG,2851117,2851858,1	acpP,2851916,2852156,1	
NC_012491:acpP,3805733,3805967,-1	fabG,3806052,3806793,-1	fabD,3806786,3807737,-1	plsX,3808761,3809769,-1	ylpC,3809782,3810373,-1	
NC_012914:acpP,3967195,3967429,-1	fabG,3967523,3968273,-1	fabD,3968308,3969232,-1	plsX,3970232,3971225,-1	ylpC,3971283,3971856,-1	
NC_014019:acpP,4064859,4065093,-1	fabG,4065231,4065972,-1	fabD,4065973,4066918,-1	plsX,4066921,4067926,-1	ylpC,4067946,4068510,-1	
NC_013893:acpP,1738432,1738666,-1	fabG,1738848,1739583,-1	fabD,1739575,1740502,-1	plsX,1740494,1741481,-1	ylpC,1741473,1742043,-1	
NC_013891:acpP,1839219,1839453,-1	fabG,1839558,1840302,-1	fabD,1840305,1841247,-1	plsX,1841239,1842253,-1	ylpC,1842272,1842842,-1	
NC_012121:ylpC,849094,849658,1	plsX,849659,850646,1	fabD,850638,851565,1	fabG,851557,852295,1	acpP,852429,852663,1	
NC_023134:acpP,2226667,2226901,-1	fabG,2227019,2227760,-1	fabD,2227859,2228795,-1	plsX,2229823,2230810,-1	ylpC,2230811,2231405,-1	
NC_016935:acpP,6223882,6224116,-1	fabG,6224203,6224944,-1	fabD,6224987,6225689,-1	plsX,6226973,6227981,-1	ylpC,6227964,6228609,-1	
NC_011567:acpP,1759620,1759866,-1	fabG,1759915,1760653,-1	fabD,1760656,1761601,-1	plsX,1761609,1762599,-1	ylpC,1762595,1763252,-1	
NC_006582:acpP,2424879,2425113,-1	fabG,2425188,2425932,-1	fabD,2425925,2426879,-1	plsX,2426880,2427870,-1	ylpC,2427866,2428442,-1	
NC_010382:ylpC,1609202,1609781,1	plsX,1609783,1610776,1	fabD,1610793,1611540,1	fabD,1611532,1611748,1	fabG,1611740,1612487,1	acpP,1612536,1612782,1	
NC_000964:ylpC,1661966,1662533,1	plsX,1662546,1663548,1	fabD,1663566,1664520,1	fabG,1664512,1665253,1	acpP,1665336,1665570,1	
NC_018665:fabG,1713507,1714239,-1	fabD,1714235,1715156,-1	plsX,1715169,1716165,-1	ylpC,1716161,1716731,-1	
NC_013205:ylpC,1394052,1394664,1	plsX,1394660,1395695,1	fabD,1395691,1396651,1	fabG,1396643,1397384,1	acpP,1397408,1397648,1	
NC_014483:ylpC,1966060,1966657,1	plsX,1966640,1967633,1	fabD,1968712,1969657,1	fabG,1969704,1970457,1	acpP,1970564,1970798,1	
