htrC,a	walH,b	walK,c	walR,d	yycI,e	yycJ,f	
NC_011999:walR,26180,26882,1	walK,26886,28725,1	walH,28705,30031,1	yycI,30030,30822,1	yycJ,30839,31631,1	htrC,1519500,1520751,1	
NC_007350:walR,28099,28801,1	walK,28813,30646,1	walH,30635,31976,1	yycJ,33191,33983,1	htrC,1072077,1073352,-1	
NC_018065:walR,166010,166724,1	walK,166729,168565,1	walH,168561,169896,1	yycI,169882,170716,1	yycJ,170728,171517,1	htrC,171698,172991,1	
NC_013791:htrC,3827517,3828735,-1	yycJ,3828965,3829760,-1	yycI,3829789,3830563,-1	walH,3830559,3831885,-1	walK,3831881,3833705,-1	walR,3833704,3834415,-1	
NC_004193:htrC,3583244,3584447,-1	yycJ,3584531,3585317,-1	yycI,3585313,3586258,-1	walH,3586260,3587562,-1	walK,3587558,3589397,-1	walR,3589403,3590105,-1	
NC_018704:walR,519037,519724,1	walK,519710,521720,1	htrC,2527525,2528782,-1	yycJ,2528827,2529625,-1	yycI,2529621,2530557,-1	
NC_009848:htrC,3650186,3651374,-1	yycJ,3651455,3652250,-1	yycI,3652256,3653120,-1	walH,3653106,3654495,-1	walK,3654475,3656314,-1	walR,3656321,3657029,-1	
NC_017668:htrC,4088744,4089968,-1	yycJ,4090047,4090842,-1	yycI,4090838,4091792,-1	walH,4091809,4093165,-1	walK,4093161,4094991,-1	walR,4094998,4095703,-1	
NC_002570:walR,401096,401765,1	walK,401768,403148,1	htrC,4155917,4157138,-1	yycJ,4157387,4158182,-1	yycI,4158196,4158985,-1	
NC_002976:walK,364453,365419,-1	walR,365508,366198,-1	htrC,1337252,1338491,1	yycJ,2585696,2586497,-1	yycI,2587117,2587909,-1	
NC_014829:walK,562025,563027,-1	walR,563028,563703,-1	htrC,4647223,4648447,-1	yycJ,4648616,4649411,-1	yycI,4649439,4650207,-1	
NC_015634:htrC,3039491,3040748,-1	yycJ,3040966,3041761,-1	yycI,3041777,3042560,-1	walH,3042546,3043830,-1	walK,3043826,3045647,-1	walR,3045651,3046362,-1	
NC_010184:htrC,5234841,5236029,-1	yycJ,5236092,5236887,-1	yycI,5236870,5237707,-1	walH,5237687,5239019,-1	walK,5239021,5240857,-1	walR,5240860,5241568,-1	
NC_014219:htrC,3561881,3563129,-1	yycJ,3563269,3564064,-1	yycI,3564072,3564864,-1	walH,3564850,3566212,-1	walK,3566204,3568031,-1	walR,3568032,3568743,-1	
NC_006510:htrC,3514219,3515440,-1	yycJ,3515541,3516336,-1	yycI,3516342,3517125,-1	walH,3517111,3518440,-1	walK,3518432,3520262,-1	walR,3520268,3520982,-1	
NC_022524:htrC,4844147,4845374,-1	yycJ,4845624,4846419,-1	yycI,4846423,4847269,-1	walH,4847249,4848575,-1	walK,4848571,4850401,-1	walR,4850410,4851121,-1	
NC_014098:walR,266718,267423,-1	walK,267511,268627,1	htrC,3356982,3358170,-1	yycJ,3360359,3361145,-1	
NC_012673:walR,292361,293027,1	walK,293023,294370,1	yycI,1724069,1724894,1	yycJ,1724907,1725699,1	htrC,1725750,1727010,1	
NC_012491:walK,14678,16058,-1	walR,16054,16744,-1	htrC,6255902,6257138,-1	yycJ,6257634,6258423,-1	
NC_012914:walR,290136,290835,-1	walK,290831,292337,-1	htrC,7142589,7143948,-1	yycJ,7144293,7145100,-1	yycI,7145181,7145937,-1	
NC_014019:htrC,5067515,5068748,-1	yycJ,5068805,5069600,-1	yycI,5069618,5070398,-1	walH,5070384,5071752,-1	walK,5071742,5073650,-1	walR,5073656,5074364,-1	
NC_013893:walK,125813,126860,-1	walR,126860,127541,-1	htrC,1233816,1235040,-1	yycJ,2657583,2658366,1	
NC_013891:walR,290507,291221,1	walK,291408,293241,1	walH,293240,294554,1	yycI,294556,295396,1	yycJ,295514,296345,1	htrC,296399,297932,1	
NC_012121:walR,311274,311955,1	walK,311941,312985,1	htrC,1348425,1349616,1	yycJ,2536637,2537429,-1	
NC_023134:walR,167662,168511,1	walK,168511,170338,1	walH,170334,171648,1	yycJ,172494,173301,1	htrC,173640,174855,1	
NC_016935:walK,7525806,7527324,-1	walR,7527326,7528019,-1	htrC,7528150,7529719,-1	yycJ,8705954,8706758,-1	
NC_011567:htrC,2819609,2820818,-1	yycJ,2820930,2821728,-1	yycI,2821724,2822531,-1	walH,2822496,2823579,-1	walK,2823830,2825645,-1	walR,2825649,2826360,-1	
NC_006582:htrC,4274302,4275523,-1	yycJ,4275723,4276518,-1	yycI,4276543,4277440,-1	walH,4277436,4278765,-1	walK,4278761,4280600,-1	walR,4280600,4281311,-1	
NC_010382:htrC,4606006,4607305,-1	yycJ,4607470,4608259,-1	yycI,4608258,4609080,-1	walH,4609066,4610398,-1	walK,4610388,4612089,-1	walR,4612259,4612973,-1	
NC_000964:htrC,4147566,4148769,-1	yycJ,4148850,4149645,-1	yycI,4149666,4150509,-1	walH,4150495,4151863,-1	walK,4151852,4153688,-1	walR,4153695,4154403,-1	
NC_018665:walR,735203,735581,1	walK,735561,738126,1	htrC,2790809,2792189,-1	yycJ,2792294,2793086,-1	yycI,2793096,2793933,-1	
NC_013205:walR,55674,56349,1	walK,56345,57458,1	htrC,2990613,2991816,-1	yycJ,2991885,2992692,-1	
NC_014483:htrC,1520572,1522159,1	walR,1522308,1522998,1	walK,1522999,1524478,1	yycJ,5354607,5355414,-1	
