dppA,a	dppB,b	dppC,c	dppD,d	dppE,e	
NC_011999:dppB,648720,649650,1	dppC,649649,650699,1	dppD,650713,651787,1	dppD,651786,652983,1	dppE,653214,654852,1	
NC_007350:dppE,293558,295037,1	dppB,295033,296014,1	dppC,296010,296832,1	dppD,296824,297604,1	dppD,297596,298286,1	
NC_018065:dppA,1659319,1660114,1	dppD,1907950,1909990,1	dppB,1909986,1910934,1	dppC,1911044,1911884,1	dppE,1911921,1913541,1	
NC_013791:dppD,24322,25336,-1	dppD,25316,26345,-1	dppB,26377,27298,-1	dppC,27315,28212,-1	dppE,28535,30152,1	
NC_004193:dppE,3076033,3077695,-1	dppD,3077712,3078720,-1	dppC,3078729,3079683,-1	dppB,3079679,3080618,-1	dppA,3080662,3081487,-1	
NC_018704:dppD,28118,29129,1	dppD,29125,30058,1	dppB,30065,31028,1	dppC,31048,31969,1	dppE,32059,33859,1	
NC_009848:dppA,1255702,1256533,1	dppB,1256551,1257487,1	dppC,1257483,1258446,1	dppD,1258453,1259461,1	dppE,1259460,1261083,1	
NC_017668:dppE,1309826,1311521,1	dppB,1311695,1312622,1	dppC,1312628,1313762,1	dppD,1313777,1314839,1	dppD,1314835,1315777,1	
NC_002570:dppD,39461,40478,-1	dppD,40458,41502,-1	dppB,41560,42505,-1	dppC,42523,43429,-1	dppE,43755,45372,1	
NC_002976:dppB,563382,564309,1	dppC,564437,565379,1	dppD,565393,566473,1	dppD,566465,567404,1	dppE,567430,569074,1	
NC_014829:dppD,27790,28807,1	dppD,28820,29804,1	dppE,29909,31655,1	dppB,31733,32699,1	dppC,32710,33625,1	
NC_015634:dppE,2280363,2281974,-1	dppD,2282071,2283079,-1	dppC,2283084,2284038,-1	dppB,2284208,2285138,-1	
NC_010184:dppB,184298,185216,1	dppC,185232,186237,1	dppD,186193,187204,1	dppD,187200,187974,1	dppE,187987,189598,1	
NC_014219:dppD,1105270,1106275,-1	dppD,1106261,1107263,-1	dppC,1107268,1108825,-1	dppB,1108860,1109784,-1	dppE,1109876,1111523,-1	
NC_006510:dppE,839362,840949,1	dppB,841072,842002,1	dppC,842001,843021,1	dppD,843042,844104,1	dppD,844096,845032,1	
NC_022524:dppA,1440932,1441757,1	dppB,1441769,1442702,1	dppC,1442701,1443655,1	dppD,1443659,1444661,1	dppE,1444764,1446396,1	
NC_014098:dppD,2841975,2842824,-1	dppD,2842820,2843810,-1	dppC,2843824,2844697,-1	dppB,2844702,2845707,-1	dppE,2845766,2847386,-1	
NC_012673:dppE,2708611,2710231,1	dppB,2710538,2711465,1	dppC,2711464,2712490,1	dppD,2712513,2713587,1	dppD,2713586,2714537,1	
NC_012491:dppB,168811,169750,1	dppC,169746,170664,1	dppD,170669,171695,1	dppE,171813,173472,1	dppA,1707051,1707879,-1	
NC_012914:dppD,5993819,5995856,-1	dppC,5995871,5996765,-1	dppB,5996792,5997713,-1	dppE,5997734,5999405,-1	
NC_014019:dppA,1451306,1452131,1	dppB,1452145,1453075,1	dppC,1453076,1454015,1	dppD,1454019,1455018,1	dppE,1455041,1456685,1	
NC_013893:dppE,1947791,1949444,-1	dppD,1949469,1950411,-1	dppD,1950400,1951483,-1	dppC,1951497,1952562,-1	dppB,1952558,1953488,-1	
NC_013891:dppE,138861,140511,1	dppA,140525,141344,1	dppD,2227299,2228262,-1	dppD,2228258,2229335,-1	dppC,2229352,2230387,-1	dppB,2230386,2231316,-1	dppE,2231597,2233277,-1	
NC_012121:dppB,590712,591639,1	dppC,591638,592703,1	dppD,592717,593800,1	dppD,593789,594833,1	dppE,594847,596512,1	
NC_023134:dppD,2053307,2054327,1	dppD,2054343,2055240,1	dppB,2055247,2056219,1	dppC,2056237,2057143,1	dppE,2057157,2058957,1	
NC_016935:dppE,5975209,5976832,-1	dppD,5976828,5977938,-1	dppC,5977944,5978859,-1	dppB,5978864,5979797,-1	dppA,5979857,5980682,-1	
NC_011567:dppD,381460,382540,1	dppD,382490,383483,1	dppE,383530,385135,1	dppB,385140,386205,1	dppC,386219,387113,1	
NC_006582:dppA,851051,851873,1	dppB,851888,852812,1	dppC,852811,853753,1	dppD,853756,854752,1	dppE,854765,856412,1	
NC_010382:dppA,2334162,2334957,1	dppE,2335199,2336984,1	dppB,2337103,2338012,1	dppC,2338011,2338986,1	dppD,2338978,2340052,1	dppD,2340038,2340992,1	
NC_000964:dppA,1360400,1361225,1	dppB,1361241,1362168,1	dppC,1362173,1363136,1	dppD,1363140,1364148,1	dppE,1364150,1365800,1	
NC_018665:dppD,1848058,1849012,-1	dppD,1849011,1850085,-1	dppC,1850112,1851144,-1	dppB,1851143,1852070,-1	dppE,1852320,1853934,-1	
NC_013205:dppD,2538245,2539202,-1	dppD,2539191,2540181,-1	dppC,2540180,2541071,-1	dppB,2541108,2542074,-1	dppE,2542132,2544244,-1	
NC_014483:dppD,3447098,3448037,-1	dppC,3448048,3448999,-1	dppB,3449003,3449936,-1	dppE,3450133,3451834,-1	
