clpQ,a	codY,b	gid,c	hslU,d	topA,e	xerC,f	
NC_011999:topA,909468,911532,1	gid,911696,912998,1	xerC,913057,913930,1	clpQ,913941,914484,1	hslU,914494,915868,1	codY,915885,916659,1	
NC_007350:codY,1571772,1572546,-1	hslU,1572569,1573982,-1	clpQ,1574094,1574637,-1	xerC,1574640,1575531,-1	gid,1575649,1576957,-1	topA,1577111,1579178,-1	
NC_018065:codY,3060587,3061367,-1	hslU,3061455,3062847,-1	clpQ,3062846,3063389,-1	xerC,3063407,3064307,-1	gid,3064575,3065889,-1	topA,3065907,3067992,-1	
NC_013791:codY,2322656,2323436,-1	hslU,2323458,2324853,-1	clpQ,2324932,2325484,-1	xerC,2325520,2326486,-1	gid,2326546,2327854,-1	topA,2328112,2330185,-1	
NC_004193:topA,1588747,1590826,1	xerC,1591747,1592665,1	clpQ,1592675,1593221,1	hslU,1593238,1594636,1	codY,1594663,1595443,1	gid,3623745,3625635,-1	
NC_018704:codY,1548739,1549525,-1	hslU,1549556,1550954,-1	clpQ,1550969,1551518,-1	xerC,1551530,1552436,-1	topA,1552776,1554855,-1	gid,2563467,2565351,-1	
NC_009848:topA,1564104,1566180,1	gid,1566250,1567555,1	xerC,1567617,1568535,1	clpQ,1568549,1569095,1	hslU,1569111,1570512,1	codY,1570546,1571326,1	
NC_017668:topA,2022871,2024947,1	xerC,2025436,2026342,1	clpQ,2026351,2026897,1	hslU,2026911,2028309,1	codY,2028333,2029113,1	gid,4144002,4145892,-1	
NC_002570:codY,2579814,2580594,-1	hslU,2580629,2582024,-1	clpQ,2582070,2582613,-1	xerC,2582665,2583577,-1	gid,2583640,2584948,-1	topA,2585129,2587202,-1	
NC_002976:topA,819789,821859,1	gid,821883,823191,1	xerC,823415,824306,1	clpQ,824309,824852,1	hslU,824920,826324,1	codY,826347,827118,1	
NC_014829:codY,2704664,2705441,-1	hslU,2705459,2706857,-1	clpQ,2706918,2707461,-1	xerC,2707491,2708385,-1	gid,2708457,2709762,-1	topA,2709875,2711948,-1	
NC_015634:topA,1176188,1178264,1	xerC,1178839,1179742,1	clpQ,1179784,1180327,1	hslU,1180376,1181795,1	codY,1181911,1182691,1	gid,3066925,3068815,-1	
NC_010184:codY,3701892,3702672,-1	hslU,3702749,3704141,-1	clpQ,3704163,3704706,-1	xerC,3704748,3705654,-1	gid,3705719,3707024,-1	topA,3707072,3709151,-1	
NC_014219:topA,1929518,1931588,1	xerC,1931768,1932680,1	clpQ,1932697,1933243,1	hslU,1933277,1934669,1	codY,1934684,1935461,1	gid,3586098,3587985,-1	
NC_006510:topA,1229576,1231652,1	xerC,1231780,1232650,1	clpQ,1232673,1233216,1	hslU,1233230,1234628,1	codY,1234644,1235424,1	gid,3538674,3540564,-1	
NC_022524:topA,1775617,1777693,1	gid,1777924,1779232,1	xerC,1779414,1780197,1	clpQ,1780219,1780762,1	hslU,1780873,1782280,1	codY,1782396,1783176,1	
NC_014098:topA,1498258,1500388,1	gid,1500400,1501720,1	xerC,1501749,1502664,1	clpQ,1502677,1503220,1	hslU,1503231,1504620,1	codY,1504643,1505426,1	
NC_012673:topA,2868328,2870425,1	gid,2870424,2871735,1	xerC,2871919,2872801,1	clpQ,2872812,2873361,1	hslU,2873357,2874728,1	codY,2874764,2875544,1	
NC_012491:codY,3693229,3694009,-1	hslU,3694048,3695470,-1	clpQ,3695466,3696009,-1	xerC,3696024,3696969,-1	gid,3697030,3698344,-1	topA,3698383,3700462,-1	
NC_012914:xerC,2712100,2712991,1	codY,3936835,3937606,-1	hslU,3937644,3939048,-1	clpQ,3939065,3939611,-1	gid,3939694,3941026,-1	topA,3941124,3943221,-1	
NC_014019:codY,4040952,4041732,-1	hslU,4041760,4043161,-1	clpQ,4043177,4043720,-1	xerC,4043734,4044637,-1	gid,4044702,4046007,-1	topA,4046213,4048289,-1	
NC_013893:codY,1697519,1698293,-1	hslU,1698314,1699718,-1	clpQ,1699764,1700307,-1	xerC,1700307,1701201,-1	gid,1701332,1702640,-1	topA,1702691,1704761,-1	
NC_013891:topA,1212115,1214194,1	gid,1214257,1215562,1	xerC,1215845,1216748,1	clpQ,1216762,1217308,1	hslU,1217321,1218731,1	codY,1218751,1219531,1	
NC_012121:topA,886069,888139,1	gid,888223,889534,1	xerC,889656,890547,1	clpQ,890549,891089,1	hslU,891173,892580,1	codY,892612,893386,1	
NC_023134:xerC,1212516,1213413,1	codY,2194159,2194945,-1	hslU,2194979,2196518,-1	clpQ,2196543,2197086,-1	gid,2197264,2198593,-1	topA,2198605,2200696,-1	
NC_016935:xerC,3393676,3394576,1	codY,6184970,6185744,-1	hslU,6185766,6187173,-1	clpQ,6187236,6187782,-1	gid,6188103,6189432,-1	topA,6189579,6191685,-1	
NC_011567:codY,1734164,1734944,-1	hslU,1734956,1736366,-1	clpQ,1736349,1736898,-1	xerC,1736906,1737809,-1	gid,1737869,1739168,-1	topA,1739213,1741283,-1	
NC_006582:codY,2396978,2397758,-1	hslU,2397783,2399175,-1	clpQ,2399200,2399746,-1	xerC,2399770,2400673,-1	gid,2400737,2402048,-1	topA,2402201,2404274,-1	
NC_010382:gid,1633850,1635164,1	xerC,1635449,1636349,1	clpQ,1636370,1636916,1	hslU,1636915,1638316,1	codY,1638403,1639183,1	topA,2462265,2464443,-1	
NC_000964:topA,1683660,1685736,1	gid,1685811,1687119,1	xerC,1687186,1688101,1	clpQ,1688113,1688659,1	hslU,1688675,1690079,1	codY,1690118,1690898,1	
NC_018665:codY,1689670,1690450,-1	hslU,1690466,1691837,-1	clpQ,1691829,1692381,-1	xerC,1692394,1693327,-1	gid,1693445,1694750,-1	topA,1694753,1696850,-1	
NC_013205:topA,1436251,1438342,1	gid,1438354,1439668,1	xerC,1439664,1440588,1	clpQ,1440577,1441123,1	hslU,1441134,1442529,1	codY,2441192,2441981,-1	
NC_014483:topA,1996729,1998832,1	gid,1998859,2000200,1	clpQ,2000226,2000769,1	hslU,2000805,2002206,1	xerC,3070012,3070966,-1	
