glcT,a	ptsG,b	ptsH,c	ptsI,d	ykvZ,e	
NC_011999:ykvZ,279254,280277,-1	ptsG,280441,282610,1	ptsI,291132,293706,1	ptsI,755042,756752,1	
NC_007350:ptsG,369345,371334,1	ykvZ,1061726,1062716,1	glcT,1446603,1447449,-1	ptsI,1774431,1776147,-1	ptsH,1776149,1776416,-1	
NC_018065:
NC_013791:ptsG,990976,992527,1	ptsI,2885191,2886913,-1	ptsH,2886912,2887176,-1	glcT,2887486,2888323,-1	ykvZ,3159287,3160265,1	
NC_004193:ptsG,1915495,1917523,-1	glcT,1917657,1918500,-1	ptsH,2399105,2399369,-1	ptsI,2485673,2487389,1	ykvZ,3611979,3612963,-1	
NC_018704:glcT,739984,740827,1	ptsG,741001,743011,1	ptsH,1901712,1901982,1	ptsI,1901988,1903704,1	ykvZ,2036694,2037678,-1	
NC_009848:ykvZ,1335874,1336903,1	glcT,1336920,1337775,1	ptsG,1337977,1340077,1	ptsH,1340170,1340437,1	ptsI,1340436,1342155,1	
NC_017668:glcT,1057253,1058096,1	ptsG,1058334,1060371,1	ptsH,1060394,1060661,1	ykvZ,1247028,1248042,1	ykvZ,1929999,1930992,1	
NC_002570:ptsG,319026,320919,1	glcT,321046,321880,1	ykvZ,974014,975004,1	ptsI,3193300,3195019,-1	ptsH,3195021,3195285,-1	
NC_002976:ptsH,664880,665147,1	ptsI,665149,666868,1	glcT,943311,944160,1	ykvZ,1343432,1344422,-1	ptsG,2137626,2139654,-1	
NC_014829:ykvZ,2969583,2970573,-1	ptsI,3350919,3352638,-1	ptsH,3352637,3352901,-1	glcT,3846343,3847177,1	ptsG,3847356,3849462,1	
NC_015634:ykvZ,633767,634700,1	ptsH,1003806,1004073,1	ptsI,1004258,1005794,1	ptsG,2759517,2761497,-1	glcT,2761906,2762752,-1	
NC_010184:ptsI,3918274,3919987,-1	ptsH,3919986,3920250,-1	ptsG,3920385,3922449,-1	glcT,3922789,3923638,-1	ykvZ,4079376,4080354,1	
NC_014219:ykvZ,330091,331120,1	glcT,1605841,1606705,1	ptsH,1606980,1607244,1	ptsI,1607243,1608959,1	ykvZ,1657582,1658572,1	
NC_006510:glcT,1011236,1012094,1	ptsG,1012326,1014345,1	ptsH,1016305,1016572,1	ptsI,1016571,1018293,1	ykvZ,2156949,2157963,-1	
NC_022524:ykvZ,1095339,1096311,1	ptsH,1562834,1563101,1	ptsI,1563100,1564816,1	ptsG,4611168,4612725,-1	
NC_014098:
NC_012673:ptsI,719395,721114,1	glcT,1843523,1844375,1	ptsG,1844477,1846328,1	ykvZ,1925061,1926021,1	ptsH,2596974,2597238,1	
NC_012491:ptsG,49939,51379,-1	ptsI,51531,53244,-1	ptsH,53275,53542,-1	ptsG,53571,54069,-1	glcT,54198,55056,-1	ykvZ,883458,884442,1	
NC_012914:ykvZ,1995636,1996587,1	ptsI,2380569,2382330,-1	ptsH,2382345,2382606,-1	ptsG,2382713,2384165,-1	ptsG,2384189,2384675,-1	glcT,2384716,2385577,-1	
NC_014019:glcT,1286442,1287291,1	ptsG,1287563,1289618,1	ptsH,1289636,1289903,1	ptsI,1289902,1291624,1	ykvZ,2224453,2225413,1	
NC_013893:ptsG,170512,172552,1	ptsI,1860309,1862025,-1	ptsH,1862027,1862294,-1	ykvZ,2598965,2599943,1	
NC_013891:glcT,329705,330539,1	ptsG,330650,332510,1	ptsH,948911,949178,1	ptsI,949177,950896,1	ykvZ,2718602,2719559,-1	
NC_012121:ptsH,708542,708809,1	ptsI,708810,710532,1	glcT,1010781,1011645,1	ptsG,1011767,1013795,1	ptsG,1013925,1016004,1	ykvZ,1358163,1359153,-1	
NC_023134:ptsH,258495,258744,1	ykvZ,2321342,2322434,-1	ptsI,3341222,3342962,-1	ptsG,3343189,3344644,-1	ptsG,3344686,3345172,-1	glcT,3345336,3346200,-1	
NC_016935:glcT,262609,263515,1	ptsG,263782,265834,1	ptsH,266013,266286,1	ptsI,266278,268003,1	ykvZ,8180816,8181791,-1	
NC_011567:ptsI,1923807,1925523,-1	ptsH,1925522,1925795,-1	ptsG,1925878,1927870,-1	glcT,1928135,1928981,-1	ykvZ,2262939,2263959,-1	
NC_006582:glcT,206998,207838,1	ptsG,207971,210017,1	ykvZ,1693931,1694939,1	ptsI,2788081,2789803,-1	ptsH,2789802,2790066,-1	
NC_010382:ptsG,2396486,2398436,1	ptsH,2401155,2401422,1	ptsI,2401418,2402984,1	ykvZ,4069403,4070408,-1	
NC_000964:ykvZ,1455063,1456029,1	glcT,1456091,1456958,1	ptsG,1457186,1459286,1	ptsH,1459383,1459650,1	ptsI,1459649,1461362,1	
NC_018665:ptsH,1957849,1958113,-1	ykvZ,2051751,2052765,-1	ptsI,2113275,2115000,1	ptsG,2116989,2119083,-1	ptsG,2119214,2120738,-1	glcT,2120958,2121816,-1	
NC_013205:ptsH,244885,245155,1	ptsI,245166,246882,1	ykvZ,2342698,2343703,-1	
NC_014483:ykvZ,340153,341158,-1	ptsI,3880515,3882228,-1	ptsH,3882220,3882496,-1	ptsG,3882606,3884652,-1	glcT,3884928,3885777,-1	
