dnaJ,a	dnaK,b	grpE,c	hemN,d	hrcA,e	lepA,f	prmA,g	rimO,h	yqeU,i	
NC_011999:rimO,1328659,1330006,-1	yqeU,1330125,1330863,-1	prmA,1330864,1331800,-1	dnaJ,1331802,1332921,-1	dnaK,1333025,1334849,-1	grpE,1334900,1335500,-1	hrcA,1335502,1336456,-1	hemN,1336567,1337683,-1	lepA,1337722,1339546,-1	
NC_007350:lepA,1216955,1218779,1	hemN,1218875,1220000,1	hrcA,1220100,1221081,1	grpE,1221107,1221719,1	dnaK,1221774,1223619,1	dnaJ,1223764,1224901,1	prmA,1224904,1225843,1	yqeU,1225844,1226597,1	rimO,1521336,1522878,-1	
NC_018065:lepA,1626750,1628580,1	rimO,2943794,2945144,-1	yqeU,2954985,2955729,-1	prmA,2955811,2956750,-1	dnaJ,2956764,2957886,-1	dnaK,2958724,2960572,-1	grpE,2960663,2961221,-1	hrcA,2961298,2962324,-1	hemN,2962453,2963599,-1	
NC_013791:lepA,1089523,1091344,1	hemN,1091398,1092544,1	hrcA,1092669,1093701,1	grpE,1093830,1094397,1	dnaK,1094449,1096282,1	dnaJ,1096456,1097572,1	prmA,1097701,1098634,1	yqeU,1098662,1099415,1	rimO,1099420,1100770,1	
NC_004193:rimO,1990954,1992307,-1	yqeU,1992303,1993071,-1	prmA,1993079,1994027,-1	dnaJ,1994087,1995215,-1	dnaK,1995363,1997202,-1	grpE,1997236,1997809,-1	hrcA,1997899,1998928,-1	hemN,1999013,2000189,-1	lepA,2000274,2002083,-1	
NC_018704:lepA,1144761,1146585,1	hemN,1146687,1147848,1	hrcA,1147982,1149005,1	grpE,1149234,1149819,1	dnaK,1149851,1151678,1	dnaJ,1151821,1152940,1	prmA,1152976,1153918,1	yqeU,1153936,1154686,1	
NC_009848:rimO,2289949,2291311,-1	yqeU,2291307,2292078,-1	prmA,2292101,2293037,-1	dnaJ,2293059,2294193,-1	dnaK,2294358,2296200,-1	grpE,2296224,2296782,-1	hrcA,2296845,2297877,-1	hemN,2297958,2299098,-1	lepA,2299215,2301054,-1	
NC_017668:rimO,2110437,2112009,1	yqeU,2532228,2532990,-1	prmA,2532996,2533941,-1	dnaJ,2534153,2535275,-1	dnaK,2535424,2537254,-1	grpE,2537295,2537838,-1	hrcA,2537957,2538980,-1	hemN,2539078,2540218,-1	lepA,2540293,2542108,-1	
NC_002570:lepA,1426049,1427879,1	hemN,1428047,1429205,1	hrcA,1429385,1430417,1	grpE,1430496,1431081,1	dnaK,1431138,1432983,1	dnaJ,1434607,1435720,1	prmA,1435747,1436689,1	yqeU,1436698,1437451,1	rimO,1437456,1438803,1	
NC_002976:rimO,1180161,1181508,-1	yqeU,1181513,1182275,-1	prmA,1182267,1183206,-1	dnaJ,1183209,1184331,-1	dnaK,1184475,1186305,-1	grpE,1186360,1186993,-1	hrcA,1187021,1187999,-1	hemN,1188098,1189223,-1	lepA,1189341,1191165,-1	
NC_014829:lepA,1776550,1778383,1	hemN,1778436,1779579,1	hrcA,1779702,1780731,1	grpE,1780851,1781421,1	dnaK,1781455,1783300,1	dnaJ,1783494,1784616,1	prmA,1784662,1785604,1	yqeU,1785614,1786367,1	rimO,1786366,1787713,1	
NC_015634:rimO,1770894,1772247,-1	yqeU,1772252,1773005,-1	prmA,1773011,1773950,-1	dnaJ,1773972,1775109,-1	dnaK,1775240,1777067,-1	grpE,1777102,1777765,-1	hrcA,1777873,1778767,-1	hemN,1779001,1780135,-1	lepA,1780226,1782062,-1	
NC_010184:lepA,2882513,2884457,1	rimO,4161601,4162954,-1	yqeU,4162960,4163710,-1	prmA,4163855,4164794,-1	dnaJ,4164822,4165929,-1	dnaK,4166131,4167967,-1	grpE,4167993,4168560,-1	hrcA,4168674,4169691,-1	hemN,4169824,4170964,-1	
NC_014219:rimO,2583227,2584553,-1	yqeU,2584558,2585311,-1	prmA,2585315,2586266,-1	dnaJ,2586316,2587441,-1	dnaK,2587644,2589486,-1	grpE,2589509,2590100,-1	hrcA,2590131,2591160,-1	hemN,2591297,2592446,-1	lepA,2592505,2594332,-1	
NC_006510:rimO,2517840,2519190,-1	yqeU,2519266,2520043,-1	prmA,2520060,2520999,-1	dnaJ,2521004,2522153,-1	dnaK,2522282,2524106,-1	grpE,2524129,2524771,-1	hrcA,2524869,2525904,-1	hemN,2525987,2527127,-1	lepA,2527201,2529031,-1	
NC_022524:rimO,3368463,3369816,-1	yqeU,3369821,3370568,-1	prmA,3370711,3371650,-1	dnaJ,3371671,3372793,-1	dnaK,3373124,3374954,-1	grpE,3374984,3375608,-1	hrcA,3375741,3376752,-1	hemN,3376857,3377997,-1	lepA,3378120,3379956,-1	
NC_014098:lepA,1227982,1229791,1	hemN,1229849,1231013,1	hrcA,1231088,1232114,1	grpE,1232192,1232903,1	dnaK,1232905,1234747,1	dnaJ,1234834,1235989,1	prmA,1236086,1237133,1	yqeU,1254786,1255530,1	rimO,1255532,1256954,1	
NC_012673:lepA,358069,359668,-1	yqeU,564811,565576,-1	prmA,565579,566518,-1	dnaJ,566536,567643,-1	dnaK,567753,569580,-1	grpE,569609,570197,-1	hrcA,570214,571237,-1	hemN,572086,573241,-1	
NC_012491:lepA,2111162,2112980,1	hemN,2114562,2115702,1	hrcA,2115855,2116881,1	grpE,2116890,2117481,1	dnaK,2117532,2119362,1	dnaJ,2119512,2120640,1	prmA,2120739,2121681,1	yqeU,2121699,2122458,1	rimO,2122560,2123919,1	
NC_012914:lepA,2587372,2589190,1	hemN,2589501,2590680,1	hrcA,2591429,2592455,1	grpE,2592797,2593337,1	dnaK,2593399,2595244,1	dnaJ,2595348,2596488,1	prmA,2597071,2598073,1	yqeU,2598804,2599581,1	rimO,2599588,2600935,1	
NC_014019:rimO,4386626,4387985,-1	yqeU,4387990,4388743,-1	prmA,4388762,4389704,-1	dnaJ,4389821,4390952,-1	dnaK,4391187,4393005,-1	grpE,4393035,4393596,-1	hrcA,4393701,4394730,-1	hemN,4394821,4395961,-1	lepA,4396136,4397960,-1	
NC_013893:lepA,1370493,1372317,1	hemN,1372499,1373621,1	hrcA,1373723,1374704,1	grpE,1374732,1375353,1	dnaK,1375409,1377245,1	dnaJ,1377446,1378580,1	prmA,1378583,1379522,1	yqeU,1379523,1380276,1	rimO,1380281,1381628,1	
NC_013891:yqeU,1416311,1417079,-1	prmA,1417079,1418024,-1	dnaJ,1418095,1419223,-1	dnaK,1419367,1421185,-1	grpE,1421218,1421794,-1	hrcA,1421835,1422873,-1	hemN,1423019,1424174,-1	lepA,1424419,1426246,-1	
NC_012121:rimO,1209293,1210640,-1	yqeU,1210645,1211398,-1	prmA,1211399,1212338,-1	dnaJ,1212344,1213478,-1	dnaK,1213656,1215480,-1	grpE,1215532,1216129,-1	hrcA,1216156,1217125,-1	hemN,1217229,1218351,-1	lepA,1218419,1220243,-1	
NC_023134:rimO,2567989,2569339,-1	yqeU,2569341,2570109,-1	dnaJ,2572818,2573940,-1	dnaK,2574099,2575953,-1	grpE,2576009,2576609,-1	hrcA,2576731,2577763,-1	hemN,2578901,2580053,-1	lepA,2580133,2581948,-1	
NC_016935:rimO,6607092,6608499,-1	yqeU,6608499,6609270,-1	prmA,6610092,6611067,-1	dnaJ,6612258,6613377,-1	dnaK,6613542,6615381,-1	grpE,6615437,6616028,-1	hrcA,6617701,6618736,-1	hemN,6619595,6620774,-1	lepA,6620931,6622746,-1	
NC_011567:lepA,854360,856187,1	hemN,856225,857377,1	hrcA,857454,858489,1	grpE,858534,859146,1	dnaK,859159,860977,1	dnaJ,861102,862230,1	prmA,862253,863192,1	yqeU,863197,863956,1	rimO,863915,865319,1	
NC_006582:lepA,1783173,1784997,1	hemN,1785216,1786383,1	hrcA,1786474,1787503,1	grpE,1787607,1788186,1	dnaK,1788204,1790040,1	dnaJ,1790375,1791494,1	prmA,1791517,1792465,1	yqeU,1792479,1793226,1	rimO,1793237,1794575,1	
NC_010382:lepA,1370197,1371775,1	rimO,3678321,3679620,1	yqeU,3683299,3684037,-1	dnaJ,3685081,3686200,-1	dnaK,3686435,3688271,-1	grpE,3688346,3688934,-1	hrcA,3688936,3689986,-1	hemN,3690054,3691200,-1	
NC_000964:rimO,2621676,2623032,-1	yqeU,2623031,2623802,-1	prmA,2623824,2624760,-1	dnaJ,2624784,2625912,-1	dnaK,2626111,2627947,-1	grpE,2627970,2628534,-1	hrcA,2628605,2629637,-1	hemN,2629717,2630857,-1	lepA,2630909,2632748,-1	
NC_018665:lepA,782015,783839,1	hemN,783907,785053,1	hrcA,785384,786422,1	grpE,786446,787010,1	dnaK,787065,788892,1	dnaJ,789026,790133,1	prmA,790156,791104,1	yqeU,791108,791855,1	rimO,791860,793195,1	
NC_013205:rimO,2038902,2040318,-1	yqeU,2040322,2041075,-1	prmA,2041074,2042025,-1	dnaJ,2042070,2043210,-1	dnaK,2043324,2045175,-1	grpE,2045238,2045865,-1	hrcA,2045880,2046915,-1	hemN,2046995,2048162,-1	lepA,2048167,2049976,-1	
NC_014483:rimO,3517776,3519120,-1	yqeU,3519121,3519886,-1	prmA,3520769,3521744,-1	dnaJ,3528294,3529485,-1	dnaK,3529671,3531516,-1	grpE,3531603,3532176,-1	hrcA,3532296,3533382,-1	hemN,3534945,3536133,-1	lepA,3536542,3538357,-1	
