asd,a	dapA,b	dapG,c	spoVFA,d	spoVFB,e	
NC_011999:dapG,1156769,1157993,1	asd,1158011,1159001,1	dapA,1159018,1159909,1	
NC_007350:dapA,1397200,1398088,-1	asd,1398089,1399079,-1	dapG,1399129,1400338,-1	
NC_018065:dapG,1379711,1380944,1	dapA,2997997,2998909,-1	asd,2998926,2999967,-1	spoVFB,3000051,3000642,-1	
NC_013791:dapA,2263793,2264669,-1	dapG,2264708,2265935,-1	asd,2265950,2266997,-1	spoVFB,2267150,2267744,-1	spoVFA,2267815,2268691,-1	
NC_004193:spoVFA,1646454,1647339,1	spoVFB,1647335,1647926,1	asd,1647984,1649037,1	dapG,1649099,1650335,1	dapA,1753140,1754028,1	
NC_018704:dapA,1487898,1488771,-1	dapG,1488798,1490013,-1	asd,1490028,1491072,-1	spoVFB,1491170,1491752,-1	spoVFA,1491774,1492656,-1	
NC_009848:spoVFA,1632362,1633265,1	spoVFB,1633261,1633855,1	asd,1633994,1635014,1	dapG,1635106,1636321,1	dapA,1636351,1637218,1	
NC_017668:spoVFA,2081639,2082542,1	spoVFB,2082531,2083131,1	asd,2083232,2084282,1	dapG,2084307,2085549,1	dapA,2085545,2086442,1	
NC_002570:dapA,2520820,2521699,-1	dapG,2521827,2523063,-1	asd,2523070,2524120,-1	spoVFB,2524238,2524832,-1	spoVFA,2524847,2525726,-1	
NC_002976:dapG,981560,982763,1	asd,982833,983823,1	dapA,983824,984709,1	
NC_014829:dapA,2642711,2643581,-1	dapG,2643595,2644816,-1	asd,2644957,2646007,-1	spoVFB,2646201,2646795,-1	spoVFA,2646797,2647697,-1	
NC_015634:spoVFA,1240124,1241060,1	spoVFB,1241050,1241656,1	asd,1241760,1242807,1	dapG,1243091,1244336,1	dapA,1244408,1245281,1	
NC_010184:dapA,3628255,3629134,-1	dapG,3629145,3630378,-1	asd,3630401,3631448,-1	spoVFB,3673911,3674352,-1	spoVFA,3674348,3675251,-1	
NC_014219:asd,1991644,1992691,1	dapG,1992712,1993918,1	dapA,1993949,1994828,1	
NC_006510:spoVFA,1288759,1289665,1	spoVFB,1289661,1290267,1	asd,1290360,1291422,1	dapG,1291442,1292696,1	dapA,1292701,1293577,1	
NC_022524:spoVFA,1842192,1843101,1	spoVFB,1843090,1843690,1	asd,1843949,1844999,1	dapG,1845028,1846273,1	dapA,1846290,1847160,1	
NC_014098:spoVFA,1578582,1579461,1	spoVFB,1579460,1580072,1	asd,1580087,1581128,1	dapG,1581127,1582351,1	dapA,1582383,1583262,1	
NC_012673:dapG,2214222,2215440,1	asd,2215452,2216448,1	dapA,2216460,2217342,1	
NC_012491:dapA,3628442,3629309,-1	dapG,3629366,3630593,-1	asd,3630604,3631645,-1	spoVFB,3631702,3632299,-1	spoVFA,3632295,3633198,-1	
NC_012914:dapA,3873592,3874465,-1	dapG,3874519,3875722,-1	spoVFB,3875953,3876547,-1	spoVFA,3876546,3877443,-1	
NC_014019:dapA,3982408,3983281,-1	dapG,3983356,3984589,-1	asd,3984628,3985672,-1	spoVFB,3985863,3986469,-1	spoVFA,3986468,3987368,-1	
NC_013893:dapG,1527800,1529003,1	asd,1529219,1530209,1	dapA,1530211,1531096,1	
NC_013891:dapA,1383542,1384424,-1	dapG,1384438,1385650,-1	asd,1385671,1386715,-1	
NC_012121:dapG,1055670,1056873,1	asd,1056957,1057947,1	dapA,1057949,1058834,1	
NC_023134:dapA,2130214,2131078,-1	dapG,2131105,2132323,-1	asd,2132370,2133411,-1	spoVFB,2133514,2134111,-1	spoVFA,2134112,2135009,-1	
NC_016935:dapA,6119734,6120598,-1	dapG,6120926,6122144,-1	asd,6122231,6123272,-1	spoVFB,6123315,6123909,-1	spoVFA,6123905,6124805,-1	
NC_011567:dapA,1675723,1676593,-1	dapG,1676605,1677844,-1	asd,1677857,1678970,-1	spoVFB,1679012,1679606,-1	spoVFA,1679602,1680529,-1	
NC_006582:dapA,2341441,2342332,-1	dapG,2342357,2343575,-1	asd,2343586,2344639,-1	spoVFB,2344731,2345313,-1	spoVFA,2345329,2346214,-1	
NC_010382:spoVFB,1698221,1698812,1	asd,1698894,1699932,1	dapA,1699945,1700845,1	dapG,3923924,3925136,-1	
NC_000964:spoVFA,1744366,1745260,1	spoVFB,1745262,1745865,1	asd,1745990,1747031,1	dapG,1747122,1748337,1	dapA,1748367,1749240,1	
NC_018665:dapG,478817,480017,1	asd,480029,481022,1	dapA,481043,481925,1	
NC_013205:spoVFA,1497873,1498782,1	spoVFB,1498772,1499375,1	asd,1499404,1500442,1	dapG,1500461,1501679,1	dapA,1501694,1502585,1	
NC_014483:spoVFA,2062410,2063310,1	spoVFB,2063306,2063900,1	asd,2064034,2065072,1	dapG,2065095,2066313,1	dapA,2066352,2067234,1	
