spsA,a	spsB,b	spsC,c	spsD,d	spsE,e	spsF,f	spsG,g	spsI,h	spsJ,i	spsK,j	spsL,k	
NC_011999:
NC_007350:
NC_018065:spsE,3354204,3354663,-1	spsE,3354752,3355244,-1	
NC_013791:
NC_004193:spsL,1178573,1179029,-1	spsK,1179035,1179884,-1	spsI,1179904,1180624,-1	spsJ,2112312,2113242,1	spsC,2471231,2472362,-1	spsA,3024458,3025235,-1	
NC_018704:
NC_009848:spsL,3395714,3396170,-1	spsK,3396162,3397017,-1	spsJ,3397020,3397986,-1	spsI,3397982,3398723,-1	spsG,3398725,3399754,-1	spsF,3399750,3400491,-1	spsE,3400480,3401605,-1	spsD,3401606,3402482,-1	spsC,3402478,3403657,-1	spsB,3403678,3405091,-1	spsA,3405097,3405877,-1	
NC_017668:spsB,448384,449977,1	spsJ,450026,450968,1	spsC,450982,452188,1	spsG,452187,453228,1	spsE,453759,454809,1	spsF,454824,455565,1	spsI,3136472,3137357,-1	
NC_002570:spsI,3477800,3478544,1	spsJ,3478540,3479506,1	spsK,3479505,3480357,1	spsL,3480349,3480805,1	spsA,3480807,3481509,-1	
NC_002976:
NC_014829:spsC,3861076,3862258,-1	spsJ,3862322,3863273,-1	spsE,3863293,3864358,-1	spsG,3864478,3865519,-1	spsF,3865562,3866288,-1	spsI,3906309,3907182,-1	spsA,3907292,3910643,-1	spsJ,3967070,3968069,-1	spsK,3968070,3968925,-1	spsL,3968921,3969602,-1	spsJ,3969588,3970596,-1	
NC_015634:spsI,380622,381501,1	spsK,382082,382928,1	spsJ,382931,383969,1	
NC_010184:spsI,1196694,1197432,1	spsL,1197440,1197986,1	spsJ,1198001,1198973,1	spsK,1198984,1199839,1	spsC,3443189,3444335,-1	spsA,5198421,5199387,-1	
NC_014219:
NC_006510:spsI,400160,401204,1	spsA,886834,887527,1	spsE,3144949,3146020,-1	spsC,3148739,3149912,-1	spsJ,3149908,3150904,-1	
NC_022524:spsL,2112704,2113163,-1	spsK,2113152,2114004,-1	spsJ,2114000,2114957,-1	spsI,2114958,2115846,-1	spsC,4201054,4202287,-1	
NC_014098:spsJ,855017,856040,1	spsK,856036,856897,1	spsL,856902,857469,1	spsI,857481,858375,1	spsC,876278,877406,1	
NC_012673:spsJ,1154773,1155826,-1	spsI,1155731,1156703,-1	spsC,1156699,1157821,-1	spsA,1167919,1168846,-1	
NC_012491:spsA,1806557,1807745,-1	spsI,2594493,2595540,1	spsE,5641737,5642811,-1	spsC,5646150,5647323,-1	spsJ,5647319,5648330,-1	
NC_012914:spsC,431326,432502,1	spsI,432488,433385,1	spsA,3634687,3635416,1	spsK,5702559,5703411,-1	spsJ,5703434,5704454,-1	spsL,5704464,5705013,-1	
NC_014019:
NC_013893:
NC_013891:spsI,1020493,1021360,1	spsL,1021384,1021945,1	spsJ,1021945,1022932,1	spsK,1022934,1023765,1	spsC,1164508,1165759,1	
NC_012121:spsJ,1777363,1778353,-1	spsI,2036208,2037075,-1	spsJ,2077288,2078224,1	
NC_023134:spsL,197753,198293,1	spsJ,198289,199213,1	spsI,1407517,1408666,1	spsC,2044942,2046049,-1	spsC,2044942,2046049,-1	
NC_016935:spsC,4013442,4014564,-1	spsJ,7266053,7266896,-1	spsL,7267373,7267829,-1	spsK,7267788,7268718,-1	spsJ,7268731,7269706,-1	spsI,7269718,7270438,-1	
NC_011567:
NC_006582:spsA,3288445,3289198,-1	spsK,3843617,3844463,-1	spsJ,3844455,3845475,-1	spsL,3845490,3846036,-1	spsI,3846032,3846932,-1	
NC_010382:spsJ,1244073,1245078,1	spsC,1245074,1246235,1	spsE,1247355,1248435,1	spsI,1249055,1250108,1	
NC_000964:spsL,3882978,3883434,-1	spsK,3883426,3884278,-1	spsJ,3884291,3885239,-1	spsI,3885238,3885979,-1	spsG,3886003,3887023,-1	spsF,3887025,3887748,-1	spsE,3887740,3888862,-1	spsD,3888861,3889731,-1	spsC,3889731,3890901,-1	spsB,3890921,3892346,-1	spsA,3892350,3893121,-1	
NC_018665:
NC_013205:
NC_014483:spsA,536857,537739,1	spsK,4709170,4710043,-1	spsJ,4710044,4711064,-1	spsL,4711091,4711637,-1	spsI,4714827,4715556,-1	spsC,4816685,4817828,-1	spsE,4819621,4820650,-1	
