recQ,a	ypbB,b	ypbD,c	ypbE,d	ypbF,e	
NC_011999:recQ,1241246,1242629,-1	ypbB,1242618,1243563,-1	
NC_007350:
NC_018065:recQ,2800556,2802002,-1	ypbB,2801998,2803039,-1	
NC_013791:ypbB,1444574,1445627,1	recQ,1445629,1447159,1	ypbD,1447151,1447727,1	
NC_004193:ypbD,1849165,1849732,-1	recQ,1849718,1851272,-1	ypbB,1851252,1852326,-1	
NC_018704:ypbB,1262815,1263856,1	recQ,1263870,1265418,1	
NC_009848:ypbF,2077092,2077485,-1	ypbE,2077549,2078311,-1	ypbD,2078255,2078897,-1	recQ,2078893,2080402,-1	ypbB,2080394,2081447,-1	
NC_017668:ypbD,2298508,2299117,-1	recQ,2299085,2300639,-1	ypbB,2300625,2301696,-1	
NC_002570:ypbB,1682263,1683343,1	recQ,1683317,1684793,1	ypbD,1684789,1685386,1	ypbF,1685712,1686162,1	
NC_002976:recQ,1095742,1097122,-1	ypbB,1097108,1098071,-1	
NC_014829:ypbB,2016722,2017778,1	recQ,2017778,2019314,1	ypbD,2019316,2019892,1	
NC_015634:ypbF,1631506,1631953,-1	ypbD,1632350,1632929,-1	recQ,1632901,1634281,-1	ypbB,1634357,1635434,-1	
NC_010184:ypbB,1462045,1463107,1	recQ,1463096,1464626,1	ypbD,1464625,1465189,1	
NC_014219:ypbD,2388950,2389544,-1	recQ,2389536,2391051,-1	ypbB,2391047,2392079,-1	
NC_006510:ypbF,2277239,2277686,-1	ypbD,2278311,2278896,-1	recQ,2278879,2280403,-1	ypbB,2280390,2281437,-1	
NC_022524:ypbF,3146730,3147189,-1	ypbE,3147872,3148595,-1	ypbD,3148572,3149199,-1	recQ,3149208,3150708,-1	ypbB,3150685,3151750,-1	
NC_014098:
NC_012673:ypbB,2938291,2939314,1	recQ,2939306,2940725,1	
NC_012491:ypbB,2507539,2508655,1	recQ,2508651,2510163,1	ypbD,2510179,2510758,1	
NC_012914:
NC_014019:ypbF,4202967,4203423,-1	ypbD,4203511,4204117,-1	recQ,4204116,4205634,-1	ypbB,4205657,4206707,-1	
NC_013893:ypbB,1459802,1460762,1	recQ,1460748,1462128,1	
NC_013891:recQ,1981071,1982478,-1	ypbB,1982474,1983482,-1	
NC_012121:
NC_023134:
NC_016935:
NC_011567:ypbB,1056130,1057153,1	recQ,1057106,1058591,1	ypbD,1058583,1059174,1	ypbF,1059742,1060189,1	
NC_006582:ypbB,1962509,1963568,1	recQ,1963561,1965064,1	ypbD,1965063,1965639,1	
NC_010382:ypbB,1984840,1986013,1	recQ,1986013,1987456,1	
NC_000964:ypbF,2405113,2405557,-1	ypbE,2405619,2406342,-1	ypbD,2406292,2406862,-1	recQ,2406921,2408412,-1	ypbB,2408404,2409463,-1	
NC_018665:recQ,1623428,1624862,-1	ypbB,1624858,1625872,-1	
NC_013205:
NC_014483:
