epsC,a	epsD,b	epsE,c	epsF,d	epsG,e	epsH,f	epsI,g	epsJ,h	epsK,i	epsL,j	epsM,k	epsN,l	epsO,m	
NC_011999:
NC_007350:epsC,73180,75016,1	epsE,75000,75765,1	epsL,81820,82378,1	epsJ,390852,392577,1	epsD,1328362,1329511,1	epsH,1669461,1671345,-1	
NC_018065:
NC_013791:epsD,1207578,1210389,1	epsJ,2561980,2562676,-1	epsM,3587640,3588258,-1	epsL,3588254,3588899,-1	epsN,3588898,3590029,-1	epsC,3594183,3596004,-1	
NC_004193:epsD,1806732,1807863,-1	epsM,2979245,2979872,-1	epsL,2979864,2980512,-1	epsN,2980511,2981627,-1	epsC,2983956,2985783,-1	epsH,3017832,3019977,-1	epsE,3019969,3021907,-1	
NC_018704:epsM,116380,117037,1	epsF,2095473,2096592,-1	epsG,2096601,2097714,-1	epsL,2101145,2101799,-1	epsC,2101904,2103731,-1	epsJ,2405793,2406810,-1	
NC_009848:epsN,3052371,3053553,-1	epsM,3053549,3054239,-1	epsL,3054201,3054795,-1	epsK,3054815,3056330,-1	epsI,3056358,3057381,-1	epsH,3057392,3058415,-1	epsG,3058442,3059546,-1	epsF,3059560,3060691,-1	epsE,3060683,3061529,-1	epsD,3061525,3062665,-1	epsC,3062630,3064505,-1	epsJ,3196509,3198342,-1	epsN,3198328,3199507,-1	
NC_017668:epsC,970355,972185,1	epsD,972201,973353,1	epsF,973337,974462,1	epsG,975375,976446,1	epsL,977579,978179,1	epsM,978179,978833,1	epsN,978832,980002,1	epsF,980403,981558,1	
NC_002570:epsD,3836604,3837792,-1	epsJ,3837823,3838735,-1	epsE,3838856,3839672,-1	epsL,3840556,3841180,-1	epsC,3842264,3844091,-1	
NC_002976:
NC_014829:
NC_015634:epsC,366352,368176,1	epsC,366352,368176,1	epsD,1590494,1591535,-1	
NC_010184:epsE,286469,288401,-1	epsN,3443189,3444335,-1	epsM,3444352,3444985,-1	epsL,3444981,3445596,-1	epsJ,3450924,3451899,-1	epsF,3460290,3461400,-1	epsD,3461384,3462542,-1	epsC,3462571,3464401,-1	epsE,5198421,5199387,-1	
NC_014219:
NC_006510:
NC_022524:epsE,2110568,2111273,-1	epsE,2110568,2111273,-1	epsD,4364199,4365381,-1	epsD,4365563,4366691,-1	epsL,4366785,4367430,-1	epsN,4367429,4368560,-1	epsC,4368744,4370565,-1	epsJ,4593678,4594668,-1	
NC_014098:epsE,865274,867215,1	epsC,871817,873719,1	epsD,873715,874867,1	epsL,874968,875595,1	epsM,875614,876289,1	epsN,876278,877406,1	epsJ,2305210,2306173,-1	epsF,3245699,3246773,-1	
NC_012673:epsE,1153751,1154732,-1	epsN,1156699,1157821,-1	epsH,1157847,1158825,-1	epsC,1162321,1163365,-1	epsL,1163471,1164110,-1	epsJ,1167919,1168846,-1	epsD,1342401,1343532,-1	epsM,2218065,2218773,1	
NC_012491:
NC_012914:epsC,418114,419944,1	epsF,422619,423759,1	epsD,428518,430318,1	epsM,430347,431016,1	epsN,431326,432502,1	epsL,475636,476338,1	epsE,3634687,3635416,1	epsJ,6288245,6288953,-1	
NC_014019:epsE,1084717,1085503,1	epsD,1085516,1086584,1	epsL,1093552,1094239,1	epsJ,1113111,1115838,1	
NC_013893:epsL,351309,351867,1	epsL,351309,351867,1	epsJ,433282,434644,1	epsH,434643,435768,1	epsD,1483399,1484518,1	
NC_013891:epsD,423907,425089,1	epsJ,1018605,1020477,1	epsN,1164508,1165759,1	
NC_012121:epsC,2037448,2039332,-1	epsJ,2126493,2128671,-1	epsD,2128780,2130274,-1	epsN,2184541,2185429,-1	epsL,2413101,2413659,-1	
NC_023134:epsE,214023,215157,1	epsL,2035632,2037000,-1	epsD,2037019,2038153,-1	epsN,2044942,2046049,-1	epsJ,2896056,2896776,-1	epsC,2898512,2899499,-1	
NC_016935:epsH,655313,656294,1	epsD,749326,750499,1	epsL,987632,989030,1	epsN,4013442,4014564,-1	epsM,4014584,4015181,-1	epsO,7490888,7491863,-1	epsF,7508155,7509334,-1	
NC_011567:
NC_006582:
NC_010382:epsL,544314,544950,1	epsD,544960,546091,1	epsN,1245074,1246235,1	epsM,1248427,1249051,1	epsF,1725796,1726882,1	epsJ,3378565,3379165,1	epsC,3379169,3380240,1	
NC_000964:epsO,3514114,3515083,-1	epsN,3515061,3516228,-1	epsM,3516232,3516883,-1	epsL,3516879,3517488,-1	epsK,3517484,3519002,-1	epsJ,3518998,3520033,-1	epsI,3520029,3521106,-1	epsH,3521110,3522145,-1	epsG,3522169,3523273,-1	epsF,3523269,3524424,-1	epsE,3524416,3525253,-1	epsD,3525249,3526395,-1	epsC,3526406,3528203,-1	
NC_018665:epsN,2371681,2372836,-1	epsL,2373880,2374501,-1	epsD,2374516,2375626,-1	epsC,2381917,2383789,-1	
NC_013205:
NC_014483:epsH,231021,232173,-1	epsE,536857,537739,1	epsD,4168760,4169981,-1	epsO,4439291,4440266,-1	epsL,4705112,4706513,-1	epsJ,4716775,4720612,-1	epsN,4816685,4817828,-1	epsM,4817834,4818473,-1	epsC,4821382,4822402,-1	
