ilvB,a	ilvC,b	ilvH,c	leuA,d	leuB,e	leuC,f	leuD,g	
NC_011999:ilvC,941109,942102,-1	ilvB,942343,944011,-1	leuC,1110067,1112776,1	leuB,1474551,1475814,-1	
NC_007350:leuD,848701,849277,-1	leuC,849278,850649,-1	leuB,850666,851707,-1	leuA,851703,853239,-1	ilvC,853389,854394,-1	ilvH,854438,854912,-1	ilvB,854908,856699,-1	
NC_018065:ilvB,2104888,2106637,1	ilvH,2106633,2107149,1	ilvC,2107268,2108282,1	leuB,2109936,2111037,1	leuC,2111107,2112517,1	leuD,2112529,2113120,1	leuA,2315418,2317008,-1	
NC_013791:leuD,2867972,2868566,-1	leuC,2868578,2870000,-1	leuB,2870135,2871221,-1	leuA,2871232,2872780,-1	ilvC,2872766,2873795,-1	ilvH,2873839,2874361,-1	ilvB,2874357,2876070,-1	
NC_004193:leuD,2680060,2680639,-1	leuC,2680652,2682059,-1	leuB,2682075,2683176,-1	leuA,2683192,2684740,-1	ilvC,2684726,2685761,-1	ilvH,2685815,2686340,-1	ilvB,2686336,2688058,-1	
NC_018704:ilvB,1686503,1688228,1	ilvH,1688224,1688749,1	ilvC,1688816,1689851,1	leuA,1689834,1691361,1	leuB,1691373,1692453,1	leuC,1692467,1693874,1	leuD,1693888,1694479,1	
NC_009848:leuD,2477698,2478298,-1	leuC,2478311,2479727,-1	leuB,2479767,2480865,-1	leuA,2480883,2482437,-1	ilvC,2482423,2483452,-1	ilvH,2483470,2483989,-1	ilvB,2483985,2485710,-1	
NC_017668:ilvB,1578157,1579873,1	ilvH,1579869,1580391,1	ilvC,1580419,1581451,1	leuA,1581437,1582985,1	leuB,1582998,1584105,1	leuC,1584130,1585543,1	leuD,1585555,1586161,1	
NC_002570:leuD,3175432,3176017,-1	leuC,3176041,3177460,-1	leuB,3177487,3178579,-1	leuA,3178583,3180131,-1	ilvC,3180117,3181140,-1	ilvH,3181177,3181699,-1	ilvB,3182618,3183425,-1	
NC_002976:ilvB,1704707,1706411,1	ilvC,1706760,1707765,1	leuA,1707787,1709323,1	leuB,1709319,1710363,1	leuC,1710378,1711749,1	leuD,1711749,1712319,1	
NC_014829:leuD,1577998,1578583,-1	leuC,1578598,1580020,-1	leuB,1580061,1581165,-1	leuA,1581288,1582833,-1	ilvC,1582819,1583851,-1	ilvH,1583985,1584507,-1	ilvB,1584503,1586240,-1	
NC_015634:leuD,2396663,2397254,-1	leuC,2397338,2398754,-1	leuB,2398917,2400018,-1	leuA,2400037,2401579,-1	ilvC,2401565,2402594,-1	ilvH,2402623,2403145,-1	ilvB,2403141,2404758,-1	
NC_010184:ilvB,1378663,1380364,1	ilvH,1380360,1380870,1	ilvC,1380897,1381908,1	leuA,1381909,1383430,1	leuB,1383508,1384573,1	leuC,1384572,1385967,1	leuD,1385944,1386526,1	
NC_014219:ilvB,2751089,2752829,1	ilvH,2752825,2753347,1	ilvC,2753429,2754431,1	leuA,2754450,2756013,1	leuB,2756023,2757130,1	leuC,2757150,2758566,1	leuD,2758592,2759177,1	
NC_006510:leuD,2674461,2675055,-1	leuC,2675151,2676567,-1	leuB,2676587,2677703,-1	leuA,2677720,2679268,-1	ilvC,2679254,2680280,-1	ilvH,2680382,2680901,-1	ilvB,2680879,2682670,-1	
NC_022524:leuD,3530006,3530585,-1	leuC,3530596,3532015,-1	leuB,3532110,3533220,-1	leuA,3533243,3534776,-1	ilvC,3534762,3535785,-1	ilvH,3535832,3536351,-1	ilvB,3536347,3538063,-1	
NC_014098:ilvB,946374,948111,1	ilvH,948107,948602,1	ilvC,948665,949658,1	leuA,949703,951254,1	leuB,951246,952329,1	leuC,2399282,2400683,1	leuD,2400717,2401332,1	
NC_012673:
NC_012491:ilvB,1671888,1673613,1	ilvH,1673614,1674121,1	ilvC,1674177,1675200,1	leuA,1675257,1676796,1	leuB,1676875,1677970,1	leuD,2610701,2611286,-1	leuC,2611282,2612713,-1	
NC_012914:ilvB,1553357,1555103,1	ilvH,1555099,1555585,1	ilvC,1555713,1556706,1	leuA,1556830,1558375,1	leuB,1559043,1560123,1	leuC,2838730,2840146,1	leuD,2840176,2840776,1	
NC_014019:leuD,4518549,4519140,-1	leuC,4519154,4520570,-1	leuB,4520628,4521738,-1	leuA,4521757,4523293,-1	ilvC,4523279,4524305,-1	ilvH,4524368,4524881,-1	ilvB,4524877,4526596,-1	
NC_013893:leuD,1019611,1020181,-1	leuC,1020183,1021554,-1	leuB,1021567,1022608,-1	leuA,1022597,1024148,-1	ilvC,1024169,1025174,-1	ilvB,1025536,1027270,-1	
NC_013891:ilvB,2018321,2020043,1	ilvH,2020043,2020535,1	ilvC,2020602,2021598,1	leuA,2021754,2023293,1	leuB,2023294,2024347,1	leuC,2024349,2025738,1	leuD,2025724,2026306,1	
NC_012121:ilvB,1576432,1578193,1	ilvH,1578189,1578663,1	ilvC,1578719,1579724,1	leuA,1579749,1581282,1	leuB,1581278,1582319,1	leuC,1582334,1583717,1	leuD,1583709,1584285,1	
NC_023134:leuC,1359432,1360839,1	leuD,1360868,1361477,1	leuB,3605969,3607058,-1	leuA,3611648,3613196,-1	ilvC,3613230,3614220,-1	ilvH,3614452,3614944,-1	ilvB,3614943,3616689,-1	
NC_016935:ilvB,757188,758931,1	ilvH,758927,759410,1	ilvC,759595,760588,1	leuA,760764,762312,1	leuB,772455,773535,1	leuD,6416607,6417216,-1	leuC,6417279,6418548,-1	
NC_011567:ilvB,635364,637173,1	ilvH,637166,637688,1	ilvC,637705,638731,1	leuA,638717,640262,1	leuB,640279,641389,1	leuC,641400,642816,1	leuD,642827,643412,1	
NC_006582:leuD,2766846,2767440,-1	leuC,2767439,2768852,-1	leuB,2768868,2769963,-1	leuA,2769973,2771518,-1	ilvC,2771504,2772530,-1	ilvH,2772571,2773090,-1	ilvB,2773086,2774817,-1	
NC_010382:leuD,3313598,3314207,-1	leuC,3314220,3315630,-1	leuB,3315647,3316778,-1	leuA,3316922,3318458,-1	ilvC,3318444,3319479,-1	ilvH,3319573,3320065,-1	ilvB,3320085,3321888,-1	
NC_000964:leuD,2888939,2889539,-1	leuC,2889551,2890970,-1	leuB,2891019,2892117,-1	leuA,2892137,2893694,-1	ilvC,2893680,2894709,-1	ilvH,2894732,2895251,-1	ilvB,2895247,2896972,-1	
NC_018665:
NC_013205:leuA,924095,925685,1	leuD,2282089,2282698,-1	leuC,2282697,2284113,-1	leuB,2284112,2285192,-1	ilvC,2285274,2286309,-1	ilvH,2286404,2286935,-1	ilvB,2286931,2288671,-1	
NC_014483:ilvB,1470500,1472246,1	ilvH,1472247,1472733,1	ilvC,1472895,1473888,1	leuA,1474012,1475554,1	leuB,1475758,1476835,1	leuD,2922637,2923240,-1	leuC,2923260,2924685,-1	
