atpA,a	atpB,b	atpC,c	atpD,d	atpE,e	atpF,f	atpG,g	atpH,h	atpI,i	
NC_011999:atpC,1895479,1895890,-1	atpD,1895908,1897324,-1	atpG,1897342,1898209,-1	atpA,1898240,1899752,-1	atpH,1899774,1900308,-1	atpF,1900307,1900844,-1	atpB,1901169,1901892,-1	
NC_007350:atpB,805429,806158,1	atpE,806197,806404,1	atpF,806502,807030,1	atpH,807029,807569,1	atpA,807589,809101,1	atpG,809132,809999,1	atpD,810020,811433,1	atpC,811452,811857,1	
NC_018065:atpC,3489536,3489944,-1	atpD,3489967,3491383,-1	atpG,3491432,3492290,-1	atpA,3492389,3493898,-1	atpH,3493927,3494464,-1	atpF,3494460,3494982,-1	atpE,3495151,3495376,-1	atpB,3495453,3496179,-1	atpI,3496209,3496581,-1	
NC_013791:atpC,3637810,3638212,-1	atpD,3638312,3639725,-1	atpG,3639793,3640663,-1	atpA,3640790,3642299,-1	atpH,3642320,3642869,-1	atpF,3642865,3643357,-1	atpE,3643535,3643745,-1	atpB,3643845,3644562,-1	
NC_004193:atpC,3084883,3085279,-1	atpD,3085375,3086770,-1	atpG,3086809,3087670,-1	atpA,3087761,3089273,-1	atpH,3089291,3089837,-1	atpF,3089833,3090361,-1	atpB,3090750,3091473,-1	atpI,3091529,3091919,-1	
NC_018704:atpD,1715823,1717224,-1	atpG,1717239,1718097,-1	atpA,1718112,1719624,-1	atpH,1719620,1720160,-1	atpB,1721097,1721775,-1	
NC_009848:atpC,3306236,3306632,-1	atpD,3306656,3308078,-1	atpG,3308102,3308969,-1	atpA,3309057,3310566,-1	atpH,3310582,3311128,-1	atpF,3311124,3311637,-1	atpE,3311757,3311970,-1	atpB,3312018,3312753,-1	atpI,3312760,3313144,-1	
NC_017668:atpC,3530847,3531252,-1	atpD,3531330,3532743,-1	atpG,3532784,3533648,-1	atpA,3533681,3535190,-1	atpH,3535205,3535754,-1	atpF,3535750,3536272,-1	atpE,3536504,3536717,-1	atpB,3536767,3537490,-1	atpI,3537514,3537883,-1	
NC_002570:atpC,3874669,3875071,-1	atpD,3875284,3876697,-1	atpG,3876813,3877671,-1	atpA,3877714,3879223,-1	atpH,3879292,3879844,-1	atpF,3879840,3880329,-1	atpE,3880559,3880772,-1	atpB,3880840,3881554,-1	
NC_002976:atpC,1748908,1749313,-1	atpD,1749332,1750745,-1	atpG,1750766,1751633,-1	atpA,1751717,1753229,-1	atpH,1753251,1753791,-1	atpF,1753790,1754306,-1	atpE,1754403,1754616,-1	atpB,1754658,1755387,-1	
NC_014829:atpC,4385760,4386162,-1	atpD,4386332,4387745,-1	atpG,4387826,4388699,-1	atpA,4388815,4390315,-1	atpH,4390326,4390881,-1	atpF,4390877,4391375,-1	atpB,4392016,4392742,-1	atpI,4392798,4393179,-1	
NC_015634:atpC,2876353,2876764,-1	atpD,2876786,2878208,-1	atpG,2878283,2879006,-1	atpA,2879283,2880798,-1	atpH,2880821,2881358,-1	atpF,2881354,2881744,-1	atpB,2882333,2883011,-1	
NC_010184:atpC,5070748,5071150,-1	atpD,5071170,5072580,-1	atpG,5072825,5073686,-1	atpA,5073891,5075400,-1	atpH,5075411,5075954,-1	atpF,5075950,5076457,-1	atpE,5076586,5076805,-1	atpB,5076861,5077581,-1	atpI,5077588,5077984,-1	
NC_014219:atpC,3398585,3398990,-1	atpD,3399092,3400511,-1	atpG,3400619,3401504,-1	atpA,3401547,3403053,-1	atpH,3403066,3403621,-1	atpF,3403617,3404115,-1	atpE,3404267,3404489,-1	atpB,3404633,3405359,-1	
NC_006510:atpC,3399098,3399500,-1	atpD,3399522,3400944,-1	atpG,3400971,3401829,-1	atpA,3401896,3403405,-1	atpH,3403429,3403966,-1	atpF,3403962,3404496,-1	atpE,3404616,3404835,-1	atpB,3404906,3405620,-1	atpI,3405637,3406021,-1	
NC_022524:atpC,4469233,4469641,-1	atpD,4469663,4471085,-1	atpG,4471257,4472118,-1	atpA,4472275,4473784,-1	atpH,4473808,4474345,-1	atpF,4474341,4474875,-1	atpE,4475092,4475305,-1	atpB,4475381,4476092,-1	atpI,4476113,4476488,-1	
NC_014098:atpC,3298447,3298867,-1	atpD,3298870,3300289,-1	atpG,3300325,3301183,-1	atpA,3301198,3302707,-1	atpH,3302725,3303274,-1	atpF,3303270,3303756,-1	atpE,3303827,3304049,-1	atpB,3304100,3304853,-1	
NC_012673:atpC,1284196,1284607,-1	atpD,1284635,1286054,-1	atpG,1286088,1286946,-1	atpA,1286982,1288491,-1	atpH,1288509,1289043,-1	atpF,1289042,1289570,-1	atpE,1289641,1289863,-1	atpB,1289928,1290666,-1	
NC_012491:atpC,5753637,5754036,-1	atpD,5754063,5755473,-1	atpG,5755521,5756385,-1	atpA,5756459,5757971,-1	atpH,5758013,5758541,-1	atpF,5758537,5759041,-1	atpE,5759154,5759376,-1	atpB,5759433,5760249,-1	
NC_012914:atpC,6676976,6677375,-1	atpD,6677399,6678803,-1	atpG,6678842,6679703,-1	atpA,6680001,6681525,-1	atpH,6681540,6682080,-1	atpF,6682076,6682559,-1	atpE,6682686,6682911,-1	atpB,6682986,6683751,-1	
NC_014019:atpC,4952979,4953384,-1	atpD,4953410,4954832,-1	atpG,4954868,4955726,-1	atpA,4955831,4957340,-1	atpH,4957355,4957901,-1	atpF,4957897,4958416,-1	atpE,4958518,4958731,-1	atpB,4958821,4959532,-1	atpI,4959550,4959922,-1	
NC_013893:atpB,975201,975930,1	atpE,975961,976174,1	atpF,976265,976790,1	atpH,976789,977329,1	atpA,977348,978857,1	atpG,978888,979755,1	atpD,979776,981189,1	atpC,981210,981612,1	
NC_013891:atpC,2500699,2501104,-1	atpD,2501125,2502547,-1	atpG,2502607,2503480,-1	atpA,2503517,2505032,-1	atpH,2505058,2505598,-1	atpF,2505594,2506107,-1	atpE,2506194,2506413,-1	atpB,2506483,2507200,-1	atpI,2507206,2507605,-1	
NC_012121:atpC,1624456,1624864,-1	atpD,1624884,1626300,-1	atpG,1626322,1627186,-1	atpA,1627221,1628589,-1	atpA,1628578,1628731,-1	atpH,1628754,1629294,-1	atpF,1629293,1629818,-1	atpE,1629933,1630146,-1	atpB,1630189,1630915,-1	
NC_023134:atpI,43616,43988,1	atpB,44015,44795,1	atpE,44899,45112,1	atpF,45213,45708,1	atpH,45697,46249,1	atpA,46265,47783,1	atpG,47983,48841,1	atpD,48944,50351,1	atpC,50390,50807,1	
NC_016935:atpB,44694,45462,1	atpE,45561,45792,1	atpF,45904,46390,1	atpH,46386,46938,1	atpA,46954,48469,1	atpG,48565,49423,1	atpD,49579,50986,1	atpC,51106,51511,1	
NC_011567:atpC,2691669,2692074,-1	atpD,2692098,2693520,-1	atpG,2693548,2694421,-1	atpA,2694480,2696004,-1	atpH,2696019,2696556,-1	atpF,2696552,2697092,-1	atpE,2697229,2697442,-1	atpB,2697492,2698203,-1	atpI,2698209,2698587,-1	
NC_006582:atpC,4009779,4010181,-1	atpD,4010249,4011662,-1	atpG,4011693,4012560,-1	atpA,4012593,4014108,-1	atpH,4014142,4014688,-1	atpF,4014684,4015170,-1	atpE,4015276,4015492,-1	atpB,4015564,4016281,-1	atpI,4016287,4016686,-1	
NC_010382:atpI,1066910,1067282,1	atpB,1067318,1068029,1	atpE,1068092,1068317,1	atpF,1068490,1069012,1	atpH,1069008,1069545,1	atpA,1069573,1071082,1	atpG,1071129,1071987,1	atpD,1072035,1073451,1	atpC,1073538,1073883,1	
NC_000964:atpC,3781068,3781467,-1	atpD,3781490,3782912,-1	atpG,3782937,3783801,-1	atpA,3783877,3785386,-1	atpH,3785402,3785948,-1	atpF,3785944,3786457,-1	atpE,3786619,3786832,-1	atpB,3786877,3787612,-1	atpI,3787619,3788003,-1	
NC_018665:atpC,2452295,2452709,-1	atpD,2452735,2454154,-1	atpG,2454189,2455041,-1	atpA,2455098,2456607,-1	atpH,2456626,2457160,-1	atpF,2457159,2457693,-1	atpE,2457829,2458042,-1	atpB,2458117,2458861,-1	
NC_013205:atpC,2820427,2820874,-1	atpD,2820901,2822305,-1	atpG,2822335,2823199,-1	atpA,2823279,2824788,-1	atpH,2824784,2825348,-1	atpF,2825341,2825845,-1	atpB,2826228,2826993,-1	
NC_014483:atpC,4882077,4882491,-1	atpD,4882560,4883961,-1	atpG,4884082,4885117,-1	atpA,4885163,4886678,-1	atpH,4886696,4887242,-1	atpF,4887238,4887628,-1	atpE,4887836,4888061,-1	atpB,4888166,4888991,-1	
