aroE,a	hisC,b	trpA,c	trpB,d	trpC,e	trpD,f	trpE,g	trpF,h	tyrA,i	
NC_011999:
NC_007350:trpA,1418524,1419250,-1	trpB,1419242,1420457,-1	trpF,1420460,1421090,-1	trpC,1421086,1421869,-1	trpD,1421852,1422869,-1	trpE,1423430,1424837,-1	tyrA,1430242,1431334,1	hisC,2060216,2061272,-1	
NC_018065:tyrA,2773381,2774479,-1	hisC,2774475,2775576,-1	trpE,3571062,3572046,1	trpD,3572051,3573089,1	trpC,3573085,3573880,1	trpF,3573876,3574494,1	trpB,3574490,3575678,1	trpA,3575674,3576454,1	
NC_013791:trpE,1493477,1495007,1	trpD,1494999,1496025,1	trpC,1496017,1496791,1	trpF,1496774,1497437,1	trpB,1497405,1498614,1	trpA,1498610,1499411,1	hisC,1499451,1500558,1	tyrA,1500705,1501803,1	
NC_004193:trpA,553704,554493,-1	trpB,554492,555692,-1	trpF,555688,556303,-1	trpC,556303,557089,-1	trpD,557089,558112,-1	trpE,558684,560091,-1	tyrA,1818669,1819773,-1	hisC,1819781,1820876,-1	
NC_018704:hisC,1287808,1288909,1	tyrA,1288911,1290012,1	trpA,2212953,2213739,-1	trpB,2213728,2214937,-1	trpF,2214942,2215548,-1	trpC,2215557,2216325,-1	trpD,2216336,2217341,-1	trpE,2217355,2218738,-1	
NC_009848:tyrA,2041058,2042213,-1	hisC,2042287,2043385,-1	trpA,2043395,2044199,-1	trpB,2044195,2045395,-1	trpF,2045375,2046035,-1	trpC,2046040,2046793,-1	trpD,2046785,2047808,-1	trpE,2047779,2049327,-1	
NC_017668:trpE,939217,940726,1	trpD,940722,941745,1	trpC,941737,942502,1	trpF,942498,943161,1	trpB,943135,944329,1	trpA,944330,945131,1	tyrA,2263578,2264679,-1	hisC,2264679,2265774,-1	
NC_002570:trpE,1733135,1734644,1	trpD,1734636,1735665,1	trpC,1735657,1736431,1	trpF,1736414,1737071,1	trpB,1737048,1738248,1	trpA,1738240,1739038,1	hisC,1739078,1740188,1	tyrA,1740298,1741399,1	
NC_002976:hisC,387824,388880,1	tyrA,952336,953425,-1	trpE,954083,955490,1	trpD,956055,957051,1	trpC,957054,957843,1	trpF,957832,958456,1	trpB,958459,959668,1	trpA,959660,960392,1	
NC_014829:trpE,2054650,2056159,1	trpD,2056155,2057172,1	trpC,2057168,2057960,1	trpB,2057943,2059779,1	trpA,2059771,2060569,1	hisC,2060679,2061759,1	tyrA,2061773,2062877,1	
NC_015634:tyrA,1603919,1605020,-1	hisC,1605084,1606179,-1	trpA,2375497,2376289,-1	trpB,2376420,2377626,-1	trpC,2377603,2379028,-1	trpD,2379028,2380054,-1	trpE,2380617,2382000,-1	
NC_010184:trpE,1214000,1215419,1	trpD,1215999,1217025,1	trpC,1217026,1217788,1	trpF,1217784,1218399,1	trpB,1218395,1219589,1	trpA,1219592,1220369,1	tyrA,2792758,2793868,-1	hisC,2793851,2794952,-1	
NC_014219:tyrA,2350365,2351466,-1	hisC,2351462,2352563,-1	trpA,2352599,2353400,-1	trpB,2353399,2355226,-1	trpC,2355222,2356002,-1	trpD,2356003,2357023,-1	trpE,2357019,2358540,-1	
NC_006510:tyrA,2239228,2240341,-1	hisC,2240419,2241517,-1	trpA,2241548,2242355,-1	trpB,2242338,2243556,-1	trpF,2243902,2244547,-1	trpC,2244533,2245310,-1	trpD,2245302,2246322,-1	trpE,2246315,2247842,-1	
NC_022524:trpA,2851287,2852076,-1	trpB,2852068,2853277,-1	trpF,2853273,2853903,-1	trpC,2853899,2854688,-1	trpD,2854689,2855715,-1	trpE,2856281,2857685,-1	tyrA,3110548,3111655,-1	hisC,3111722,3112823,-1	
NC_014098:hisC,584174,585311,1	tyrA,1730000,1731119,-1	trpA,1731132,1731954,-1	trpB,1731950,1733153,-1	trpF,1733136,1733778,-1	trpC,1733774,1734572,-1	trpD,1734568,1735633,-1	trpE,1923958,1925416,-1	
NC_012673:hisC,64745,65762,1	trpE,1093876,1095208,1	trpA,1415180,1415948,-1	trpB,1415944,1417129,-1	trpF,1417128,1417683,-1	trpC,1417658,1418420,-1	trpD,1418416,1419406,-1	
NC_012491:trpE,2547589,2549104,1	trpD,2549097,2550123,1	trpC,2550112,2550913,1	trpF,2550909,2551578,1	trpB,2551540,2552761,1	trpA,2552763,2553582,1	hisC,2553611,2554706,1	tyrA,2554776,2555880,1	
NC_012914:trpE,2784556,2786119,1	trpD,2786120,2787173,1	trpC,2787162,2787960,1	trpF,2787956,2788619,1	trpB,2788615,2789812,1	trpA,2789808,2790615,1	hisC,2790819,2791917,1	tyrA,2791921,2793013,1	
NC_014019:tyrA,4163347,4164448,-1	hisC,4164520,4165624,-1	trpA,4165628,4166444,-1	trpB,4166430,4167645,-1	trpF,4167641,4168268,-1	trpC,4168257,4169025,-1	trpD,4169014,4170040,-1	trpE,4170032,4171547,-1	
NC_013893:trpE,1505009,1506413,1	trpD,1506983,1507985,1	trpC,1507984,1508770,1	trpF,1508766,1509402,1	trpB,1509394,1510612,1	trpA,1510601,1511342,1	tyrA,1574413,1575505,1	hisC,2185245,2186301,-1	
NC_013891:trpA,1587598,1588375,-1	trpB,1588367,1589570,-1	trpF,1589572,1590181,-1	trpC,1590177,1590936,-1	trpD,1590932,1591952,-1	trpE,1592525,1593890,-1	tyrA,1963672,1964776,-1	hisC,1964795,1965881,-1	
NC_012121:hisC,380127,381192,1	tyrA,1026133,1027228,-1	trpE,1028956,1030366,1	trpD,1030930,1031947,1	trpC,1031939,1032707,1	trpF,1032711,1033341,1	trpB,1033337,1034567,1	trpA,1034559,1035312,1	
NC_023134:trpE,1300246,1301803,1	trpD,1301823,1302870,1	trpC,1302859,1303657,1	trpF,1303772,1304408,1	trpB,1304400,1305597,1	trpA,1305593,1306406,1	hisC,1306418,1307528,1	tyrA,1307524,1308610,1	
NC_016935:trpE,3467346,3468888,1	trpD,3468943,3469987,1	trpC,3469976,3470789,1	trpF,3470791,3471478,1	trpA,3472667,3473501,1	hisC,3473524,3474625,1	tyrA,3474621,3475710,1	
NC_011567:trpE,1091291,1092851,1	trpD,1092798,1093854,1	trpC,1093846,1094608,1	trpF,1094604,1095240,1	trpB,1095233,1096430,1	trpA,1096426,1097266,1	hisC,1097207,1098323,1	tyrA,1098304,1099408,1	
NC_006582:trpE,2011766,2013263,1	trpD,2013259,2014285,1	trpC,2014277,2015045,1	trpF,2015041,2015695,1	trpB,2015672,2016872,1	trpA,2016864,2017674,1	hisC,2017742,2018852,1	tyrA,2018876,2019974,1	
NC_010382:hisC,2031997,2033098,1	tyrA,2033094,2034192,1	trpE,3542328,3543822,-1	trpA,3793607,3794183,-1	trpB,3794179,3795307,-1	trpF,3795529,3796015,-1	trpC,3796011,3796803,-1	trpD,3796799,3797438,-1	trpD,3797434,3797830,-1	
NC_000964:tyrA,2369250,2370366,-1	hisC,2370414,2371497,-1	trpA,2371507,2372311,-1	trpB,2372303,2373506,-1	trpF,2373486,2374134,-1	trpC,2374138,2374888,-1	trpD,2374880,2375897,-1	trpE,2375868,2377416,-1	
NC_018665:trpE,926325,927720,1	trpD,928288,929308,1	trpC,929304,930081,1	trpF,930067,930646,1	trpB,930642,931842,1	trpA,931841,932621,1	hisC,2165527,2166499,-1	
NC_013205:hisC,893952,895104,1	trpE,1258974,1260522,1	trpA,1739260,1740064,-1	trpB,1740047,1741262,-1	trpF,1741239,1741938,-1	trpC,1741934,1742738,-1	trpD,1742734,1743784,-1	
NC_014483:tyrA,2997294,2998383,-1	hisC,2998409,2999513,-1	trpA,2999567,3000374,-1	trpB,3000370,3001567,-1	trpF,3001563,3002037,-1	trpC,3002230,3003025,-1	trpD,3003014,3004061,-1	trpE,3004095,3005646,-1	
