etfA,a	etfB,b	fadR,c	lcfA,d	ysiB,e	
NC_011999:lcfA,1628477,1629869,-1	ysiB,1630030,1630849,-1	
NC_007350:
NC_018065:lcfA,1371769,1373461,1	fadR,1373565,1374147,1	ysiB,1374161,1374935,1	etfB,1374997,1375771,1	etfA,1375827,1376805,1	
NC_013791:etfA,2899187,2900165,-1	etfB,2900179,2900950,-1	ysiB,2900977,2901751,-1	fadR,2901771,2902359,-1	lcfA,2902460,2904170,-1	lcfA,2904367,2906071,-1	
NC_004193:etfA,2151845,2152817,-1	etfB,2152845,2153619,-1	ysiB,2153643,2154417,-1	fadR,2154444,2155032,-1	lcfA,2155166,2156882,-1	
NC_018704:
NC_009848:etfA,2519325,2520303,-1	etfB,2520347,2521121,-1	ysiB,2521151,2521931,-1	fadR,2521957,2522542,-1	lcfA,2522707,2524429,-1	
NC_017668:etfA,2676978,2677959,-1	etfB,2677986,2678760,-1	ysiB,2678777,2679551,-1	fadR,2679565,2680156,-1	lcfA,2680262,2681966,-1	
NC_002570:etfA,3214271,3215249,-1	etfB,3215263,3216034,-1	ysiB,3216055,3216832,-1	fadR,3216848,3217436,-1	lcfA,3217520,3219215,-1	lcfA,3219486,3221187,-1	
NC_002976:
NC_014829:etfA,3364393,3365368,-1	etfB,3365383,3366154,-1	ysiB,3366237,3367008,-1	fadR,3367037,3367622,-1	lcfA,3368403,3370122,-1	
NC_015634:etfA,1947767,1948748,-1	etfB,1948778,1949552,-1	ysiB,1949613,1950387,-1	fadR,1950421,1950883,-1	lcfA,1951157,1952711,-1	
NC_010184:etfA,4347229,4348207,-1	etfB,4348243,4349017,-1	ysiB,4349095,4349872,-1	fadR,4349883,4350471,-1	lcfA,4350577,4352263,-1	
NC_014219:lcfA,1588568,1590269,1	lcfA,1590423,1592118,1	fadR,1592227,1592842,1	ysiB,1592848,1593631,1	etfB,1593697,1594468,1	etfA,1594486,1595458,1	
NC_006510:etfA,2706781,2707759,-1	etfB,2707824,2708601,-1	ysiB,2708666,2709440,-1	fadR,2709465,2710053,-1	lcfA,2710117,2711818,-1	
NC_022524:etfA,3557439,3558417,-1	etfB,3558455,3559229,-1	ysiB,3559380,3560154,-1	fadR,3560206,3560890,-1	lcfA,3561074,3562778,-1	
NC_014098:fadR,419380,420013,1	etfB,420009,420777,1	etfA,420799,421780,1	ysiB,2133420,2134209,1	lcfA,2134293,2135856,1	
NC_012673:ysiB,2461551,2462286,1	lcfA,2577904,2579578,1	fadR,2579657,2580236,1	etfB,2580316,2581090,1	etfA,2581104,2582070,1	
NC_012491:lcfA,1725378,1727094,1	fadR,1727245,1727836,1	ysiB,1727954,1728728,1	etfB,1728780,1729548,1	etfA,1729568,1730528,1	
NC_012914:
NC_014019:etfA,4553951,4554932,-1	etfB,4554965,4555739,-1	ysiB,4555757,4556531,-1	fadR,4556610,4557195,-1	lcfA,4557308,4559000,-1	
NC_013893:
NC_013891:lcfA,1672043,1673444,-1	ysiB,1673459,1674278,-1	
NC_012121:
NC_023134:lcfA,484146,487866,-1	ysiB,969951,970785,1	etfA,1470243,1471221,-1	etfB,1471237,1471999,-1	fadR,1472080,1472674,-1	
NC_016935:lcfA,533610,535767,-1	fadR,6730284,6730914,1	etfB,6730956,6731724,1	
NC_011567:lcfA,609085,610762,1	fadR,610859,611441,1	ysiB,611479,612247,1	etfB,612262,613036,1	etfA,613043,614030,1	
NC_006582:etfA,2799106,2800084,-1	etfB,2800097,2800868,-1	ysiB,2800896,2801667,-1	fadR,2801772,2802360,-1	lcfA,2802499,2804200,-1	
NC_010382:etfA,3929690,3930668,-1	etfB,3930705,3931479,-1	ysiB,3931595,3932348,-1	fadR,3932383,3933004,-1	lcfA,3933113,3934841,-1	
NC_000964:etfA,2915364,2916342,-1	etfB,2916377,2917151,-1	ysiB,2917165,2917942,-1	fadR,2917956,2918541,-1	lcfA,2918645,2920328,-1	
NC_018665:lcfA,618453,619827,-1	ysiB,619899,620724,-1	etfA,1966543,1967506,-1	etfB,1967520,1968294,-1	
NC_013205:ysiB,898552,899320,1	etfA,1653353,1654337,-1	etfB,1654377,1655136,-1	fadR,1655187,1655784,-1	lcfA,1663640,1665290,1	
NC_014483:lcfA,81937,83398,1	fadR,1800787,1801366,1	
