gcp,a	rimI,b	thiL,c	ydiB,d	ydiC,e	
NC_011999:gcp,1859243,1860266,-1	rimI,1860247,1860703,-1	ydiC,1860681,1861344,-1	ydiB,1861324,1861786,-1	
NC_007350:ydiB,859032,859494,1	ydiC,859474,860137,1	rimI,860109,860574,1	gcp,860566,861595,1	
NC_018065:ydiB,472967,473420,1	ydiC,473416,474121,1	rimI,474120,474564,1	gcp,474563,475577,1	
NC_013791:thiL,264690,265677,1	ydiB,265686,266154,1	ydiC,266138,266858,1	rimI,266850,267315,1	gcp,267304,268321,1	
NC_004193:thiL,679854,680823,1	ydiB,680832,681282,1	ydiC,681292,682000,1	rimI,681992,682442,1	gcp,682438,683449,1	
NC_018704:thiL,364386,365358,1	ydiB,365367,365817,1	ydiC,365813,366509,1	rimI,366501,366948,1	gcp,366932,367976,1	
NC_009848:thiL,560529,561507,1	ydiB,561529,561997,1	ydiC,561977,562667,1	rimI,562650,563121,1	gcp,563113,564142,1	
NC_017668:thiL,413222,414206,1	ydiB,414206,414662,1	ydiC,414658,415342,1	rimI,415343,415787,1	gcp,415783,416833,1	
NC_002570:thiL,577613,578600,1	ydiB,578611,579085,1	ydiC,579065,579776,1	rimI,579768,580224,1	gcp,580220,581237,1	
NC_002976:gcp,1699927,1700950,-1	rimI,1700946,1701384,-1	ydiC,1701380,1702043,-1	ydiB,1702023,1702485,-1	
NC_014829:thiL,384593,385577,1	ydiB,385594,386059,1	ydiC,386055,386760,1	rimI,386780,387233,1	gcp,387214,388237,1	
NC_015634:gcp,2812412,2813429,-1	rimI,2813429,2813885,-1	ydiC,2813887,2814589,-1	ydiB,2814585,2815041,-1	
NC_010184:ydiB,252980,253454,1	ydiC,253434,254127,1	rimI,254140,254584,1	gcp,254583,255600,1	
NC_014219:thiL,586886,587885,1	ydiB,587900,588362,1	ydiC,588358,589075,1	rimI,589055,589526,1	gcp,589756,592072,1	
NC_006510:ydiB,255640,256099,1	ydiC,256095,256836,1	rimI,256795,257248,1	gcp,257244,258258,1	
NC_022524:
NC_014098:thiL,204913,205945,1	ydiB,205976,206480,1	ydiC,206440,207151,1	rimI,207129,207783,1	gcp,207883,209002,1	
NC_012673:ydiB,2040197,2040647,1	ydiC,2040643,2041300,1	rimI,2041292,2041754,1	gcp,2041750,2042773,1	
NC_012491:thiL,517650,518667,1	ydiB,518663,519143,1	ydiC,519123,519846,1	rimI,519850,520306,1	gcp,520305,521388,1	
NC_012914:thiL,1233550,1234600,1	ydiB,1234615,1235113,1	ydiC,1235105,1235927,1	rimI,1235926,1236412,1	gcp,1236405,1237449,1	
NC_014019:ydiB,216888,217359,1	ydiC,217355,218054,1	rimI,218068,218518,1	gcp,218514,219531,1	
NC_013893:ydiB,1029441,1029903,1	ydiC,1029883,1030546,1	rimI,1030557,1030983,1	gcp,1030975,1031998,1	
NC_013891:gcp,2118834,2119857,-1	rimI,2119853,2120309,-1	ydiC,2120305,2121004,-1	ydiB,2121000,2121462,-1	
NC_012121:gcp,1571688,1572720,-1	rimI,1572716,1573184,-1	ydiC,1573159,1573816,-1	ydiB,1573793,1574267,-1	
NC_023134:ydiB,363713,364193,1	ydiC,364225,365068,1	rimI,365074,365593,1	gcp,365614,366634,1	
NC_016935:gcp,8107027,8108098,-1	rimI,8108119,8108635,-1	ydiC,8108651,8109533,-1	ydiB,8109529,8110000,-1	thiL,8110018,8111068,-1	
NC_011567:ydiB,219650,220124,1	ydiC,220086,220809,1	rimI,220809,221253,1	gcp,221237,222263,1	
NC_006582:thiL,943950,944943,1	ydiB,944947,945415,1	ydiC,945399,946119,1	rimI,946084,946567,1	gcp,946544,947552,1	
NC_010382:ydiB,135664,136114,1	ydiC,136110,136818,1	rimI,136837,137263,1	gcp,137262,138279,1	
NC_000964:thiL,640661,641639,1	ydiB,641653,642130,1	ydiC,642110,642800,1	rimI,642809,643265,1	gcp,643257,644298,1	
NC_018665:gcp,2571135,2572143,-1	rimI,2572139,2572598,-1	ydiC,2572590,2573244,-1	ydiB,2573240,2573687,-1	
NC_013205:thiL,422390,423362,1	ydiB,423369,423855,1	ydiC,423851,424565,1	rimI,424561,425065,1	gcp,425061,426105,1	
NC_014483:ydiB,1277842,1278322,1	ydiC,1278325,1279162,1	rimI,1279179,1279695,1	gcp,1279691,1280756,1	
