spoIIIAA,a	spoIIIAB,b	spoIIIAC,c	spoIIIAD,d	spoIIIAE,e	spoIIIAF,f	
NC_011999:
NC_007350:
NC_018065:
NC_013791:spoIIIAF,2582706,2583342,-1	spoIIIAE,2583357,2584542,-1	spoIIIAD,2584585,2584960,-1	spoIIIAC,2584993,2585197,-1	spoIIIAB,2585226,2585739,-1	spoIIIAA,2585735,2586695,-1	
NC_004193:spoIIIAF,1922598,1923216,-1	spoIIIAE,1923229,1924408,-1	spoIIIAD,1924441,1924834,-1	spoIIIAC,1924845,1925046,-1	spoIIIAB,1925089,1925602,-1	spoIIIAA,1925546,1926530,-1	
NC_018704:spoIIIAA,1210537,1211506,1	spoIIIAB,1211450,1211960,1	spoIIIAC,1211976,1212183,1	spoIIIAD,1212187,1212574,1	spoIIIAE,1212599,1213781,1	spoIIIAF,1213793,1214402,1	
NC_009848:spoIIIAF,2199902,2200535,-1	spoIIIAE,2200549,2201743,-1	spoIIIAD,2201762,2202071,-1	spoIIIAC,2202172,2202379,-1	spoIIIAB,2202398,2202914,-1	spoIIIAA,2202907,2203831,-1	
NC_017668:spoIIIAF,2451926,2452526,-1	spoIIIAE,2452537,2453701,-1	spoIIIAD,2453717,2454116,-1	spoIIIAC,2454122,2454329,-1	spoIIIAB,2454345,2454855,-1	spoIIIAA,2454799,2455777,-1	
NC_002570:spoIIIAF,2917608,2918259,-1	spoIIIAE,2918286,2919480,-1	spoIIIAD,2919493,2919817,-1	spoIIIAC,2919906,2920113,-1	spoIIIAB,2920147,2920660,-1	spoIIIAA,2920656,2921586,-1	
NC_002976:
NC_014829:spoIIIAA,1891098,1892031,1	spoIIIAB,1892027,1892540,1	spoIIIAC,1892560,1892767,1	spoIIIAD,1892812,1893172,1	spoIIIAE,1893184,1894366,1	spoIIIAF,1894393,1895047,1	
NC_015634:spoIIIAF,1703664,1704297,-1	spoIIIAE,1704319,1705288,-1	spoIIIAD,1705520,1705910,-1	spoIIIAC,1705944,1706148,-1	spoIIIAB,1706178,1706736,-1	spoIIIAA,1706686,1707619,-1	
NC_010184:spoIIIAF,4062530,4063163,-1	spoIIIAE,4063175,4064348,-1	spoIIIAD,4064358,4064640,-1	spoIIIAC,4064765,4064969,-1	spoIIIAB,4064983,4065499,-1	spoIIIAA,4065492,4066419,-1	
NC_014219:
NC_006510:spoIIIAF,2433927,2434539,-1	spoIIIAE,2434549,2435713,-1	spoIIIAD,2435726,2436113,-1	spoIIIAC,2436134,2436341,-1	spoIIIAB,2436356,2436869,-1	spoIIIAA,2436865,2437786,-1	
NC_022524:spoIIIAF,3264560,3265181,-1	spoIIIAE,3265192,3266392,-1	spoIIIAD,3266429,3266663,-1	spoIIIAC,3266833,3267040,-1	spoIIIAB,3267096,3267612,-1	spoIIIAA,3267608,3268538,-1	
NC_014098:spoIIIAA,713871,714918,1	spoIIIAB,714943,715468,1	spoIIIAC,715478,715688,1	spoIIIAD,715701,716088,1	spoIIIAE,716107,717508,1	
NC_012673:
NC_012491:spoIIIAA,2409301,2410264,1	spoIIIAB,2410251,2410770,1	spoIIIAC,2410786,2410990,1	spoIIIAD,2411003,2411393,1	spoIIIAE,2411409,2412606,1	
NC_012914:spoIIIAA,2677904,2678957,1	spoIIIAB,2678953,2679472,1	spoIIIAC,2679487,2679691,1	spoIIIAD,2679725,2680121,1	spoIIIAE,2680125,2681364,1	
NC_014019:spoIIIAF,4305334,4305955,-1	spoIIIAE,4305960,4307145,-1	spoIIIAD,4307169,4307553,-1	spoIIIAC,4307573,4307780,-1	spoIIIAB,4307799,4308312,-1	spoIIIAA,4308318,4309266,-1	
NC_013893:
NC_013891:
NC_012121:
NC_023134:spoIIIAE,3255083,3256280,-1	spoIIIAD,3256307,3256697,-1	spoIIIAC,3256707,3256911,-1	spoIIIAB,3256924,3257440,-1	spoIIIAA,3257432,3258446,-1	
NC_016935:spoIIIAA,3357279,3358308,1	spoIIIAB,3358360,3358879,1	spoIIIAC,3358949,3359153,1	spoIIIAD,3359171,3359561,1	spoIIIAE,3359594,3360839,1	
NC_011567:spoIIIAA,944271,945213,1	spoIIIAB,945213,945726,1	spoIIIAC,945741,945948,1	spoIIIAD,945990,946356,1	spoIIIAE,946360,947521,1	spoIIIAF,947528,948107,1	
NC_006582:spoIIIAE,2600048,2601242,-1	spoIIIAD,2601256,2601565,-1	spoIIIAC,2601670,2601877,-1	spoIIIAB,2601903,2602416,-1	spoIIIAA,2602412,2603342,-1	
NC_010382:
NC_000964:spoIIIAF,2533691,2534312,-1	spoIIIAE,2534325,2535525,-1	spoIIIAD,2535543,2535945,-1	spoIIIAC,2535951,2536158,-1	spoIIIAB,2536180,2536696,-1	spoIIIAA,2536689,2537613,-1	
NC_018665:
NC_013205:spoIIIAE,1842513,1843749,-1	spoIIIAD,1843762,1844149,-1	spoIIIAC,1844158,1844362,-1	spoIIIAA,1844914,1845919,-1	
NC_014483:spoIIIAE,3106568,3107759,-1	spoIIIAD,3107771,3108161,-1	spoIIIAC,3108169,3108373,-1	spoIIIAB,3108385,3108919,-1	spoIIIAA,3108896,3109892,-1	
