bceA,a	bceB,b	bceR,c	bceS,d	ytrE,e	ytrF,f	
NC_011999:ytrE,3087,3984,1	bceR,283578,284241,1	bceS,284240,285137,1	bceA,285231,285981,1	bceB,285982,287944,1	
NC_007350:ytrE,106171,106834,1	bceA,325395,326157,1	bceB,326146,328042,1	bceS,574634,576017,-1	bceR,576009,576684,-1	
NC_018065:bceR,255297,255978,1	bceS,255974,256946,1	bceA,257043,257805,1	bceB,257794,259780,1	ytrF,3693899,3695228,-1	ytrE,3695217,3695916,-1	
NC_013791:ytrE,237693,238752,1	bceB,418956,420900,-1	bceA,420889,421651,-1	bceS,421754,422762,-1	bceR,422766,423447,-1	ytrF,1748962,1750189,-1	bceA,1750181,1750871,-1	
NC_004193:ytrE,278596,279451,1	bceR,882653,883337,1	bceS,883342,884347,1	bceA,884457,885222,1	bceB,885211,887158,1	
NC_018704:ytrE,328423,329194,1	ytrF,329312,330650,-1	ytrE,330639,331338,-1	bceR,493969,494653,1	bceS,494664,495714,1	bceA,495853,496630,1	bceB,496632,498555,1	
NC_009848:bceR,2604546,2605323,1	bceS,2605322,2606327,1	bceA,2606432,2607194,1	bceB,2607183,2609121,1	ytrF,2687425,2688736,-1	ytrE,2688725,2689424,-1	
NC_017668:ytrE,21294,21924,-1	bceR,3982791,3983481,1	bceS,3983477,3984482,1	bceA,3984682,3985444,1	bceB,3985433,3987374,1	
NC_002570:ytrE,190153,190897,1	bceB,814177,816106,-1	bceA,816074,816857,-1	bceS,817006,818068,-1	bceR,818067,818766,-1	
NC_002976:ytrE,81797,82823,1	bceR,315483,316158,1	bceS,316150,317191,1	bceA,317336,318098,1	bceB,318087,319977,1	
NC_014829:ytrE,344490,345687,-1	bceR,697970,698648,1	bceS,698644,699676,1	bceA,699767,700526,1	bceB,700522,702484,1	
NC_015634:ytrE,294713,295814,1	bceB,1374584,1376528,-1	bceA,1376517,1377276,-1	bceS,1377375,1378380,-1	bceR,1378376,1379069,-1	
NC_010184:ytrE,173513,174554,-1	bceR,2363783,2364488,1	bceS,2364487,2365474,1	bceA,2365617,2366388,1	bceB,2366362,2368333,1	
NC_014219:ytrE,304274,305207,-1	bceR,1551718,1552435,1	bceS,1552427,1554221,1	bceR,2883123,2883834,-1	bceA,2883946,2884714,1	bceB,2884700,2886569,1	
NC_006510:ytrE,204803,205595,-1	bceR,2367168,2367855,1	bceS,2367854,2368859,1	bceA,2368952,2369708,1	bceB,2369704,2371630,1	
NC_022524:ytrE,217960,219424,1	bceB,2659319,2661200,-1	bceA,2661174,2661945,-1	bceS,2661974,2663027,-1	bceR,2663033,2663732,-1	
NC_014098:bceS,1932726,1934130,-1	bceR,1934126,1934813,-1	ytrE,2841975,2842824,-1	bceA,2842820,2843810,-1	
NC_012673:ytrE,53040,53775,1	bceB,1133449,1135282,-1	bceA,1135268,1136030,-1	bceR,1136136,1136826,1	bceS,1239327,1240473,1	bceA,2103395,2104082,1	ytrF,2104078,2105233,1	bceR,2105257,2105932,1	
NC_012491:bceR,565405,566104,1	bceS,566100,567117,1	bceA,567184,567955,1	bceB,567929,569816,1	ytrF,4097475,4098936,-1	ytrE,4098960,4099662,-1	
NC_012914:ytrE,68905,70450,1	bceB,5563363,5565292,-1	bceA,5565266,5566043,-1	bceS,5566188,5567247,-1	bceR,5567243,5567966,-1	
NC_014019:ytrE,793554,794244,1	ytrF,794240,795437,1	bceR,3248695,3249388,1	bceS,3249380,3250385,1	bceA,3250485,3251247,1	bceB,3251236,3253180,1	
NC_013893:ytrE,19344,20220,-1	bceB,2243618,2245508,-1	bceA,2245497,2246259,-1	bceS,2246345,2247386,-1	bceR,2247378,2248053,-1	
NC_013891:ytrE,172790,173483,1	ytrF,173479,174688,1	bceS,1758373,1759414,-1	bceR,1762619,1763297,-1	bceB,1763358,1765371,-1	bceA,1765327,1766095,-1	
NC_012121:ytrE,281002,281659,-1	bceR,311274,311955,1	bceS,311941,312985,1	bceA,313077,313839,1	bceB,313828,315733,1	
NC_023134:ytrE,102159,102909,1	bceA,507967,508759,1	bceB,508775,510623,1	bceS,3060184,3061255,-1	bceR,3061298,3061997,-1	
NC_016935:ytrF,2129166,2130546,-1	ytrE,2130542,2131235,-1	bceA,3696419,3697199,1	bceB,3697185,3699114,1	bceR,3746137,3746815,1	bceS,3746811,3747873,1	
NC_011567:bceS,311648,313073,-1	bceR,313008,313689,-1	bceA,381460,382540,1	ytrE,382490,383483,1	
NC_006582:ytrE,253037,254549,-1	bceR,3350181,3350892,1	bceS,3350888,3351941,1	bceA,3352046,3352826,1	bceB,3352800,3354702,1	
NC_010382:bceB,847418,849185,-1	bceA,849249,849990,-1	bceS,850114,851101,-1	bceR,851097,851697,-1	ytrF,4255136,4256456,-1	ytrE,4256457,4257144,-1	
NC_000964:bceB,3109396,3111337,-1	bceA,3111326,3112088,-1	bceS,3112189,3113194,-1	bceR,3113186,3113882,-1	ytrF,3113978,3115289,-1	ytrE,3115278,3115974,-1	
NC_018665:ytrE,182300,184019,1	bceA,2289216,2289981,-1	bceS,2289973,2290966,-1	bceR,2291004,2291652,-1	bceB,2291734,2293651,-1	bceA,2293637,2294399,-1	
NC_013205:bceA,903564,905403,1	ytrE,905399,907433,1	bceS,2016941,2018333,-1	bceR,2018333,2019008,-1	
NC_014483:ytrE,160709,161708,1	bceR,2544322,2545024,1	bceS,2545020,2546007,1	bceA,2546108,2546888,1	bceB,2546853,2548866,1	
