ctaB,a	ctaC,b	ctaD,c	ctaE,d	ctaF,e	ctaG,f	
NC_011999:ctaB,792250,793171,1	ctaC,793202,794264,1	ctaD,794286,796179,1	ctaE,796178,796808,1	ctaF,796807,797155,1	ctaG,797250,798231,1	
NC_007350:ctaB,1738533,1739445,-1	ctaC,1798189,1799311,1	ctaD,1799310,1801299,1	ctaE,1801288,1801894,1	
NC_018065:ctaG,3192657,3193569,-1	ctaF,3193962,3194307,-1	ctaE,3194308,3194935,-1	ctaD,3194934,3196875,-1	ctaC,3196913,3197981,-1	ctaB,3639865,3640762,-1	
NC_013791:ctaF,2453731,2454076,-1	ctaE,2454080,2454701,-1	ctaD,2454704,2456582,-1	ctaC,2456617,2457646,-1	ctaB,2457761,2458700,-1	ctaG,2697721,2698639,-1	
NC_004193:ctaB,1476419,1477364,1	ctaC,1477431,1478484,1	ctaD,1478521,1480375,1	ctaE,1480376,1481003,1	ctaF,1481006,1481327,1	ctaG,1481628,1482528,1	
NC_018704:
NC_009848:ctaB,1436955,1437873,1	ctaC,1438151,1439219,1	ctaD,1439390,1441262,1	ctaE,1441261,1441882,1	ctaF,1441884,1442214,1	ctaG,1442244,1443123,1	
NC_017668:ctaB,1836541,1837480,1	ctaC,1837555,1838620,1	ctaD,1838668,1840537,1	ctaE,1840536,1841160,1	ctaF,1841163,1841490,1	ctaG,1841671,1842571,1	
NC_002570:ctaF,2727911,2728256,-1	ctaE,2728268,2728889,-1	ctaD,2728890,2730753,-1	ctaC,2730778,2731825,-1	ctaB,2731901,2732840,-1	ctaG,3021002,3021917,-1	
NC_002976:ctaE,638203,638809,-1	ctaD,638798,640787,-1	ctaC,640786,641911,-1	ctaB,703964,704876,1	
NC_014829:ctaF,2846570,2846921,-1	ctaE,2846925,2847543,-1	ctaD,2847544,2849386,-1	ctaC,2849411,2850440,-1	ctaB,2850473,2851415,-1	ctaG,3134319,3135240,-1	
NC_015634:ctaB,1043838,1044735,1	ctaC,1044821,1045895,1	ctaD,1046069,1047803,1	ctaE,1047802,1048429,1	ctaF,1048432,1048762,1	ctaG,1049147,1050068,1	
NC_010184:ctaG,3816322,3817228,-1	ctaF,3817309,3817642,-1	ctaE,3817645,3818269,-1	ctaD,3818268,3820131,-1	ctaC,3820164,3821214,-1	ctaB,3821307,3822231,-1	
NC_014219:ctaG,1723246,1724173,1	ctaB,1822888,1823815,1	ctaC,1823882,1824920,1	ctaD,1824947,1826789,1	ctaF,1827410,1827758,1	
NC_006510:ctaB,1106116,1107046,1	ctaC,1107123,1108194,1	ctaD,1108216,1110088,1	ctaE,1110087,1110708,1	ctaF,1110712,1111045,1	ctaG,1111147,1112050,1	
NC_022524:ctaB,1636518,1637457,1	ctaC,1637567,1638635,1	ctaD,1638660,1640538,1	ctaE,1640537,1641167,1	ctaF,1641252,1641507,1	ctaG,1641692,1642604,1	
NC_014098:ctaB,317270,318206,1	ctaC,423213,424218,1	ctaD,424282,426163,1	ctaE,426162,426804,1	ctaF,426845,427160,1	ctaG,427178,428060,1	
NC_012673:ctaB,2776422,2777346,1	ctaC,2777404,2778421,1	ctaD,2778441,2780328,1	ctaE,2780328,2780955,1	ctaF,2780971,2781286,1	ctaG,2781420,2782344,1	
NC_012491:ctaB,2775318,2776236,1	ctaG,5246444,5247290,-1	ctaF,5269058,5269376,-1	ctaE,5269379,5270006,-1	ctaD,5270005,5271850,-1	ctaC,5271921,5272950,-1	
NC_012914:ctaB,5598329,5599184,-1	ctaG,6091583,6092513,-1	ctaE,6092920,6093538,-1	ctaD,6093534,6095418,-1	ctaC,6095446,6096493,-1	
NC_014019:ctaB,1355470,1356409,1	ctaC,1356546,1357602,1	ctaD,1357636,1359502,1	ctaE,1359501,1360122,1	ctaF,1360126,1360459,1	ctaG,1360636,1361455,1	
NC_013893:ctaB,1826218,1827130,-1	ctaC,1884639,1885752,1	ctaD,1885751,1887740,1	ctaE,1887729,1888335,1	
NC_013891:ctaC,16209,17316,1	ctaD,17334,19314,1	ctaE,19301,19913,1	ctaB,2097052,2097958,-1	
NC_012121:ctaE,681908,682511,-1	ctaD,682503,684486,-1	ctaB,746806,747718,1	
NC_023134:ctaC,566387,567380,1	ctaD,567506,569993,1	ctaF,569997,570312,1	ctaG,570438,571305,1	ctaB,3005085,3006054,-1	ctaB,3005085,3006054,-1	
NC_016935:ctaC,507500,508544,1	ctaD,508576,510433,1	ctaE,510429,511053,1	ctaF,511053,511368,1	ctaG,511485,512361,1	ctaB,2751171,2752101,1	
NC_011567:ctaG,1849540,1850416,-1	ctaF,1850493,1850826,-1	ctaE,1850830,1851451,-1	ctaD,1851450,1853319,-1	ctaC,1853348,1854413,-1	ctaB,1854531,1855437,-1	
NC_006582:ctaF,2515326,2515674,-1	ctaE,2515675,2516299,-1	ctaD,2516300,2518175,-1	ctaC,2518207,2519245,-1	ctaG,2681567,2682452,-1	ctaB,3028386,3029322,-1	
NC_010382:ctaB,1491163,1492081,1	ctaB,1491163,1492081,1	ctaD,1493309,1495193,1	ctaE,1495192,1495729,1	ctaF,1495819,1496164,1	ctaG,1496347,1497271,1	
NC_000964:ctaB,1559308,1560226,1	ctaC,1560465,1561536,1	ctaD,1561568,1563437,1	ctaE,1563436,1564060,1	ctaF,1564062,1564395,1	ctaG,1564421,1565315,1	
NC_018665:ctaG,1787371,1788277,-1	ctaF,1788379,1788622,-1	ctaE,1788623,1789253,-1	ctaD,1789254,1791138,-1	ctaC,1791157,1792195,-1	ctaB,1792251,1793184,-1	
NC_013205:ctaC,567537,568434,1	ctaD,568446,570420,1	ctaE,570421,571030,1	ctaB,997299,998226,1	
NC_014483:ctaB,4279081,4280026,-1	ctaE,4412777,4413386,-1	ctaD,4413385,4415362,-1	ctaC,4415387,4416371,-1	
