iscU,a	sufB,b	sufC,c	sufD,d	sufS,e	
NC_011999:sufC,580408,581185,1	sufD,581216,582521,1	sufS,582545,583781,1	iscU,583770,584235,1	sufB,584255,585653,1	
NC_007350:sufB,1937011,1938409,-1	iscU,1938599,1939049,-1	sufS,1939038,1940286,-1	sufD,1940435,1941743,-1	sufC,1941844,1942606,-1	
NC_018065:sufC,1145320,1146100,1	sufD,1146118,1147426,1	sufS,1147425,1148655,1	iscU,1148644,1149085,1	sufB,1149153,1150551,1	
NC_013791:sufB,3260335,3261733,-1	iscU,3261787,3262225,-1	sufS,3262214,3263435,-1	sufD,3263434,3264742,-1	sufC,3264827,3265613,-1	
NC_004193:sufB,2428497,2429895,-1	iscU,2429933,2430362,-1	sufS,2430348,2431572,-1	sufD,2431571,2432882,-1	sufC,2432898,2433684,-1	
NC_018704:sufC,848909,849695,1	sufD,849712,851020,1	sufS,851021,852242,1	iscU,852231,852669,1	sufB,852702,854100,1	
NC_009848:sufB,2915860,2917258,-1	iscU,2917275,2917722,-1	sufS,2917711,2918932,-1	sufD,2918931,2920245,-1	sufC,2920263,2921049,-1	
NC_017668:sufB,2881402,2882800,-1	iscU,2882833,2883277,-1	sufS,2883266,2884487,-1	sufD,2884486,2885794,-1	sufC,2885813,2886599,-1	
NC_002570:sufB,3577355,3578753,-1	iscU,3578790,3579231,-1	sufS,3579681,3580440,-1	sufD,3580439,3581747,-1	sufC,3581794,3582586,-1	
NC_002976:sufC,485550,486312,1	sufD,486406,487714,1	sufS,487781,489023,1	iscU,489012,489477,1	sufB,489682,491080,1	
NC_014829:sufB,3667217,3668615,-1	iscU,3668776,3669229,-1	sufS,3669215,3670439,-1	sufD,3670438,3671746,-1	sufC,3671776,3672556,-1	
NC_015634:sufB,2210914,2212312,-1	iscU,2212318,2212687,-1	sufS,2212751,2213981,-1	sufD,2213980,2215288,-1	sufC,2215307,2216093,-1	
NC_010184:sufB,4772022,4773420,-1	iscU,4773468,4773900,-1	sufS,4773889,4775110,-1	sufD,4775109,4776402,-1	sufC,4776417,4777203,-1	
NC_014219:sufC,1330797,1331580,1	sufD,1331607,1332915,1	sufS,1332915,1334139,1	iscU,1334125,1334590,1	sufB,1334744,1336142,1	
NC_006510:sufB,3016502,3017900,-1	iscU,3017906,3018356,-1	sufS,3018345,3019566,-1	sufD,3019562,3020873,-1	sufC,3020890,3021670,-1	
NC_022524:sufB,3871049,3872447,-1	iscU,3872499,3872943,-1	sufS,3872932,3874162,-1	sufD,3874161,3875472,-1	sufC,3875489,3876275,-1	
NC_014098:sufC,565367,566156,1	sufD,566175,567498,1	sufS,567494,568724,1	iscU,568710,569181,1	sufB,569220,570618,1	
NC_012673:sufB,754656,756054,-1	iscU,756073,756508,-1	sufS,756497,757718,-1	sufD,757719,758988,-1	sufC,759000,759780,-1	
NC_012491:sufB,5105274,5106672,-1	iscU,5106711,5107149,-1	sufS,5107135,5108362,-1	sufD,5108361,5109660,-1	sufC,5109681,5110470,-1	
NC_012914:sufB,5278212,5279610,-1	iscU,5279641,5280067,-1	sufS,5280053,5281280,-1	sufD,5281276,5282584,-1	sufC,5282609,5283389,-1	
NC_014019:sufB,4795148,4796546,-1	iscU,4796597,4797026,-1	sufS,4797015,4798236,-1	sufD,4798235,4799543,-1	sufC,4799560,4800346,-1	
NC_013893:sufB,2063896,2065294,-1	iscU,2065421,2065886,-1	sufS,2065875,2067117,-1	sufD,2067246,2068554,-1	sufC,2068671,2069433,-1	
NC_013891:sufB,2376252,2377647,-1	iscU,2377669,2378113,-1	sufS,2378109,2379336,-1	sufD,2379336,2380638,-1	sufC,2380656,2381442,-1	
NC_012121:sufC,468421,469180,1	sufD,469245,470553,1	sufS,470755,471988,1	iscU,471977,472448,1	sufB,472678,474076,1	
NC_023134:sufC,645522,646356,1	sufD,646423,647719,1	sufS,647715,648942,1	iscU,648961,649366,1	sufB,649390,650788,1	
NC_016935:sufC,1638864,1639698,1	sufD,1639728,1641036,1	sufS,1641032,1642259,1	iscU,1642245,1642677,1	sufB,1642695,1644093,1	
NC_011567:sufB,2436828,2438265,-1	iscU,2438248,2438689,-1	sufS,2438678,2439902,-1	sufD,2439898,2441203,-1	sufC,2441218,2442046,-1	
NC_006582:sufB,3094228,3095626,-1	iscU,3095642,3096086,-1	sufS,3096072,3097296,-1	sufD,3097292,3098603,-1	sufC,3098653,3099445,-1	
NC_010382:sufC,573177,573996,1	sufD,574014,575322,1	sufS,575321,576551,1	iscU,576540,576966,1	sufB,577046,578462,1	
NC_000964:sufB,3355592,3356990,-1	iscU,3357010,3357454,-1	sufS,3357443,3358664,-1	sufD,3358663,3359977,-1	sufC,3359994,3360780,-1	
NC_018665:sufB,2138307,2139588,-1	iscU,2139737,2140172,-1	sufS,2140161,2141385,-1	sufD,2141386,2142664,-1	sufC,2142682,2143468,-1	
NC_013205:sufC,1058628,1059414,1	sufD,1059428,1060700,1	sufS,1060696,1061929,1	iscU,1061915,1062371,1	sufB,1062422,1063820,1	
NC_014483:sufC,1645071,1645854,1	sufD,1645877,1647182,1	sufS,1647178,1648402,1	iscU,1648391,1648814,1	sufB,1648844,1650242,1	
