divIB,a	mraY,b	murB,c	murD,d	murE,e	murG,f	sbp,g	spoVD,h	spoVE,i	ylxW,j	ylxX,k	
NC_011999:murB,516311,517226,-1	murE,675030,676500,1	spoVE,786252,787452,1	spoVD,810722,812972,1	mraY,813008,813977,1	murD,813977,815315,1	divIB,815322,816213,1	murG,1181019,1182081,-1	
NC_007350:murG,1363053,1364130,1	divIB,1657717,1658605,-1	murD,1658620,1659970,-1	mraY,1659971,1660937,-1	spoVD,1661130,1663365,-1	spoVE,1744570,1745806,-1	murE,1838109,1839597,-1	murB,2042466,2043393,1	
NC_018065:murB,427395,428307,1	murG,2166948,2168025,1	sbp,3160324,3160690,-1	ylxX,3160704,3161412,-1	ylxW,3161435,3162176,-1	divIB,3162156,3163023,-1	murD,3164129,3165482,-1	mraY,3165478,3166453,-1	spoVD,3166594,3168511,-1	spoVD,3168570,3170751,-1	spoVE,3203676,3204849,-1	murE,3266682,3268152,-1	
NC_013791:sbp,2410510,2410870,-1	ylxX,2410876,2411584,-1	ylxW,2411590,2412313,-1	divIB,2412290,2413076,-1	murB,2413205,2414123,-1	murG,2414215,2415307,-1	spoVE,2415476,2416577,-1	murD,2416747,2418100,-1	mraY,2418117,2419092,-1	murE,2419137,2420505,-1	murE,2420507,2421971,-1	spoVD,2422129,2424049,-1	spoVD,2424207,2426418,-1	
NC_004193:murB,587738,588662,1	murG,1144263,1145337,1	spoVD,1500407,1502648,1	spoVD,1502731,1504663,1	murE,1504801,1506283,1	murE,1506288,1507656,1	mraY,1507708,1508689,1	murD,1508688,1510038,1	spoVE,1510115,1511234,1	divIB,1511390,1512206,1	
NC_018704:murB,316769,317687,1	sbp,1622789,1623131,-1	ylxX,1623130,1623847,-1	ylxW,1623859,1624555,-1	divIB,1624535,1625375,-1	spoVE,1630428,1631526,-1	murD,1631573,1632920,-1	mraY,1632921,1633905,-1	murE,1633960,1635310,-1	murE,1635327,1636803,-1	spoVD,1636929,1638864,-1	spoVD,1638965,1641107,-1	murG,1939388,1940459,-1	
NC_009848:spoVD,1460085,1462236,1	spoVD,1462362,1464282,1	murE,1464488,1465970,1	mraY,1466105,1467080,1	murD,1467080,1468436,1	spoVE,1468495,1469596,1	murG,1469793,1470888,1	murB,1470919,1471831,1	divIB,1471958,1472738,1	ylxW,1472734,1473424,1	ylxX,1473444,1474170,1	sbp,1474169,1474538,1	
NC_017668:murG,1136825,1137899,1	spoVD,1863960,1866102,1	spoVD,1866195,1868118,1	murE,1868253,1869729,1	murE,1869725,1871087,1	mraY,1871132,1872119,1	murD,1872115,1873462,1	spoVE,1873523,1874624,1	divIB,1875141,1876200,1	murB,2926537,2927458,1	
NC_002570:sbp,2683942,2684296,-1	ylxX,2684302,2685010,-1	ylxW,2685015,2685738,-1	divIB,2685721,2686510,-1	murB,2686605,2687511,-1	murG,2687582,2688674,-1	spoVE,2688844,2689945,-1	murD,2690040,2691393,-1	mraY,2691389,2692133,-1	mraY,2692074,2692368,-1	murE,2692375,2693734,-1	murE,2693730,2695191,-1	spoVD,2695477,2697412,-1	spoVD,2697593,2699765,-1	
NC_002976:murB,406237,407158,-1	murE,600124,601609,1	spoVE,697538,698762,1	spoVD,741900,744228,1	mraY,744416,745382,1	murD,745383,746733,1	divIB,746748,748140,1	murG,1010595,1011669,-1	
NC_014829:murG,1017397,1018468,1	sbp,2797233,2797590,-1	ylxX,2797595,2798291,-1	ylxW,2798297,2799002,-1	divIB,2798985,2799762,-1	murB,2800049,2800955,-1	spoVE,2801520,2802618,-1	murD,2802703,2804059,-1	mraY,2804059,2805034,-1	murE,2806159,2807635,-1	spoVD,2807683,2809621,-1	spoVD,2809729,2811946,-1	
NC_015634:spoVD,1068620,1070759,1	spoVD,1071181,1072978,1	murE,1073252,1074710,1	mraY,1075152,1076127,1	murD,1076128,1077484,1	spoVE,1077562,1078663,1	murG,1078843,1079947,1	divIB,1079974,1080730,1	murB,1503790,1504702,-1	
NC_010184:divIB,3786746,3787517,-1	murB,3787615,3788521,-1	murG,3788582,3789677,-1	spoVE,3789779,3790871,-1	murD,3790960,3792313,-1	mraY,3792313,3793288,-1	murE,3793310,3794786,-1	spoVD,3794996,3796913,-1	spoVD,3796994,3799094,-1	
NC_014219:spoVE,1426898,1428107,1	spoVE,1428124,1429312,1	spoVD,1843293,1845495,1	murE,1845644,1847114,1	mraY,1848476,1849460,1	murD,1849459,1850827,1	murG,1850823,1851939,1	murB,1851944,1852892,1	divIB,1852935,1853715,1	ylxW,1853698,1854409,1	ylxX,1854405,1855104,1	sbp,1855107,1855458,1	
NC_006510:murG,231311,232385,-1	murB,942713,943628,1	spoVD,1130966,1133177,1	spoVD,1133248,1135183,1	murE,1135296,1136766,1	mraY,1137202,1138177,1	murD,1138177,1139533,1	spoVE,1139586,1140687,1	divIB,1140899,1141685,1	ylxW,1141665,1142370,1	ylxX,1142398,1143115,1	sbp,1143116,1143479,1	
NC_022524:spoVD,1672895,1675139,1	spoVD,1675233,1677150,1	murE,1677471,1678932,1	mraY,1679167,1680142,1	murD,1680142,1681495,1	spoVE,1681604,1682705,1	murG,1682985,1684089,1	murB,1684143,1685052,1	divIB,1685255,1686053,1	ylxW,1686018,1686732,1	ylxX,1686779,1687508,1	sbp,1687507,1687867,1	
NC_014098:sbp,1860482,1860836,-1	ylxX,1860832,1861582,-1	ylxW,1861679,1862384,-1	murB,1864481,1865405,-1	murG,1865570,1866692,-1	spoVE,1866762,1867863,-1	murD,1867898,1869263,-1	mraY,1869303,1870266,-1	murE,1870283,1871786,-1	spoVD,1871882,1873826,-1	spoVD,1873908,1876065,-1	
NC_012673:murB,1979045,1979966,1	spoVE,2727571,2728738,-1	spoVD,2794704,2796852,1	murE,2796909,2798214,1	mraY,2798235,2799195,1	murD,2799208,2800546,1	murG,2800542,2801619,1	divIB,2801633,2802404,1	
NC_012491:sbp,4013989,4014337,-1	ylxX,4014339,4015086,-1	ylxW,4015106,4015817,-1	divIB,4015838,4016633,-1	murB,4018036,4018942,-1	murG,4019044,4020157,-1	spoVE,4020227,4021322,-1	murD,4021388,4022753,-1	mraY,4022749,4023721,-1	murE,4023763,4025242,-1	spoVD,4025394,4027323,-1	spoVD,4027387,4029853,-1	
NC_012914:divIB,4431650,4432421,-1	murB,4433795,4434701,-1	spoVE,4434961,4436059,-1	murD,4436106,4437528,-1	mraY,4437655,4438612,-1	murE,4438620,4440000,-1	murE,4440029,4441517,-1	spoVD,4441643,4443581,-1	spoVD,4443682,4445938,-1	murG,6163275,6164340,-1	
NC_014019:murG,3008186,3009254,-1	divIB,4123571,4124330,-1	murB,4124483,4125389,-1	spoVE,4125929,4127030,-1	murD,4127091,4128441,-1	mraY,4128441,4129416,-1	murE,4129477,4130941,-1	spoVD,4131152,4133069,-1	spoVD,4133138,4135397,-1	
NC_013893:spoVE,994773,995964,-1	murG,1554411,1555452,-1	divIB,1787221,1788496,-1	murD,1788511,1789861,-1	mraY,1789862,1790828,-1	spoVD,1791187,1793383,-1	murE,1922408,1923893,-1	murB,2164763,2165687,1	
NC_013891:spoVE,1002684,1003893,1	murB,1366905,1367802,-1	divIB,2073524,2074319,-1	murG,2074341,2075433,-1	murD,2075429,2076797,-1	mraY,2076936,2077911,-1	murE,2077957,2079433,-1	spoVD,2079604,2081863,-1	
NC_012121:murB,396264,397191,-1	murE,625802,627287,1	spoVD,790391,792545,1	mraY,792643,793609,1	murD,793612,794962,1	divIB,794976,795897,1	murG,1081640,1082729,-1	spoVE,1606159,1607377,1	
NC_023134:divIB,2456228,2456981,-1	murB,2458500,2459406,-1	murG,2459628,2460747,-1	spoVE,2460755,2461853,-1	murD,2461992,2463384,-1	mraY,2463384,2464347,-1	murE,2465913,2467401,-1	spoVD,2467481,2469437,-1	spoVD,2469512,2471804,-1	
NC_016935:divIB,6512400,6513264,-1	murB,6514927,6515833,-1	murG,6516038,6517115,-1	spoVE,6517179,6518250,-1	murD,6518357,6519779,-1	mraY,6519781,6520744,-1	murE,6520748,6522140,-1	murE,6522215,6523550,-1	spoVD,6523885,6525844,-1	spoVD,6525970,6528409,-1	
NC_011567:sbp,1815614,1815983,-1	ylxX,1815979,1816696,-1	ylxW,1816706,1817420,-1	divIB,1817382,1818171,-1	murB,1818301,1819210,-1	murG,1819250,1820342,-1	spoVE,1820398,1821514,-1	murD,1821531,1822875,-1	mraY,1822865,1823840,-1	murE,1823863,1825330,-1	spoVD,1825398,1827273,-1	spoVD,1827380,1829552,-1	
NC_006582:murG,103912,104977,-1	divIB,2483517,2484282,-1	spoVE,2484473,2485571,-1	murD,2485747,2487103,-1	mraY,2487099,2488077,-1	murE,2489436,2490894,-1	spoVD,2490978,2492913,-1	spoVD,2493038,2495327,-1	murB,4133313,4134249,-1	
NC_010382:murE,1368581,1370063,1	murE,1368581,1370063,1	murD,1524856,1525387,1	murD,1525376,1526207,1	spoVE,1526247,1527327,1	divIB,1527452,1528181,1	ylxW,1528173,1528887,1	ylxX,1529018,1529705,1	sbp,1529708,1530080,1	murG,2740739,2741816,1	murB,4215866,4216781,-1	
NC_000964:spoVD,1581946,1584097,1	spoVD,1584213,1586154,1	murE,1586329,1587814,1	mraY,1587925,1588900,1	murD,1588900,1590256,1	spoVE,1590316,1591417,1	murG,1591539,1592631,1	murB,1592662,1593574,1	divIB,1593703,1594495,1	ylxW,1594491,1595187,1	ylxX,1595209,1595917,1	sbp,1595934,1596300,1	
NC_018665:murB,547413,548346,-1	divIB,1767547,1768327,-1	murG,1768388,1769483,-1	murD,1769479,1770826,-1	mraY,1770862,1771825,-1	murE,1771847,1773182,-1	spoVD,1773271,1775410,-1	spoVE,1799327,1800599,-1	
NC_013205:spoVD,1321508,1323701,1	spoVD,1323826,1325764,1	murE,1325825,1327322,1	mraY,1327334,1328300,1	murD,1328313,1329690,1	spoVE,1329758,1330883,1	murG,1330879,1331986,1	murB,1332071,1333022,1	ylxW,1337986,1338691,1	sbp,1339436,1339814,1	
NC_014483:divIB,3426675,3427440,-1	murB,3428796,3429702,-1	murG,3429846,3430956,-1	spoVE,3430962,3432060,-1	murD,3432109,3433531,-1	mraY,3433535,3434504,-1	murE,3434526,3435930,-1	murE,3435929,3437417,-1	spoVD,3437472,3439341,-1	spoVD,3439470,3441825,-1	
