rbsA,a	rbsB,b	rbsC,c	rbsD,d	rbsK,e	rbsR,f	
NC_011999:rbsA,3087,3984,1	rbsR,365179,366148,1	rbsK,366119,367019,1	rbsD,367011,367638,1	
NC_007350:rbsK,774478,775342,1	rbsB,1434914,1435829,-1	rbsC,1435844,1436786,-1	rbsA,1436772,1438263,-1	rbsD,1438278,1438668,-1	rbsR,1438709,1439675,-1	
NC_018065:rbsB,151644,152583,-1	rbsC,152598,153540,-1	rbsA,153526,155023,-1	rbsD,155038,155428,-1	rbsK,155424,156303,-1	rbsR,156299,157286,-1	
NC_013791:rbsA,237693,238752,1	rbsK,3546080,3547010,-1	rbsR,3547024,3548002,-1	
NC_004193:rbsB,2630692,2631604,-1	rbsC,2631617,2632556,-1	rbsA,2632548,2634039,-1	rbsD,2634056,2634452,-1	rbsK,2634457,2635330,-1	rbsR,2635330,2636314,-1	
NC_018704:rbsB,2032041,2032971,-1	rbsC,2032997,2033936,-1	rbsA,2033922,2035422,-1	rbsD,2035437,2035827,-1	rbsK,2035828,2036698,-1	rbsR,2036694,2037678,-1	
NC_009848:rbsR,3250269,3251256,1	rbsK,3251252,3252131,1	rbsD,3252127,3252520,1	rbsA,3252535,3254017,1	rbsC,3254018,3254972,1	rbsB,3254985,3255903,1	
NC_017668:rbsB,4075654,4076605,-1	rbsC,4076663,4077599,-1	rbsA,4077595,4079101,-1	rbsD,4079116,4079515,-1	rbsK,4079511,4080411,-1	rbsR,4080407,4081409,-1	
NC_002570:rbsR,3850539,3851535,1	rbsK,3851521,3852406,1	rbsD,3852407,3852797,1	rbsA,3852810,3854310,1	rbsC,3854296,3855241,1	rbsB,3855254,3856190,1	
NC_002976:rbsA,10894,11581,1	rbsR,1343432,1344422,-1	rbsK,2124964,2125888,-1	rbsD,2125941,2126346,-1	
NC_014829:rbsK,319871,320762,1	rbsC,2965992,2966952,-1	rbsA,2966952,2968461,-1	rbsB,2968564,2969509,-1	rbsR,2969583,2970573,-1	
NC_015634:rbsB,2636763,2637684,-1	rbsC,2637699,2638644,-1	rbsA,2638627,2640127,-1	rbsD,2640184,2640580,-1	rbsK,2640576,2641425,-1	rbsR,2641459,2642746,-1	
NC_010184:rbsR,667291,668263,1	rbsK,668276,669173,1	rbsD,669169,669565,1	rbsA,669577,671068,1	rbsC,671071,672007,1	rbsB,672021,672945,1	
NC_014219:rbsR,1034403,1035387,1	rbsK,1035383,1036262,1	rbsD,1036267,1036657,1	rbsA,1036699,1038196,1	rbsC,1038182,1039127,1	rbsB,1039119,1040070,1	
NC_006510:rbsB,3262029,3262965,-1	rbsC,3262999,3263944,-1	rbsA,3263940,3265425,-1	rbsD,3265455,3265866,-1	rbsK,3265865,3266759,-1	rbsR,3266755,3267745,-1	
NC_022524:rbsR,230488,231508,1	rbsB,693328,694411,1	rbsA,694479,696015,1	rbsC,695983,697003,1	rbsK,4137102,4138059,-1	
NC_014098:rbsA,115829,116552,1	
NC_012673:rbsB,1483959,1484871,-1	rbsC,1484894,1485860,-1	rbsA,1485861,1487340,-1	rbsD,1487351,1487741,-1	rbsK,1487740,1488625,-1	rbsR,1488628,1489606,-1	
NC_012491:rbsR,4398041,4399052,-1	rbsK,4690913,4691816,-1	rbsC,5377581,5378580,-1	rbsA,5378581,5380072,-1	rbsB,5380165,5381188,-1	
NC_012914:rbsB,4525279,4526206,-1	rbsC,4526219,4527182,-1	rbsA,4527183,4528665,-1	rbsD,4528679,4529078,-1	rbsK,4529079,4529958,-1	rbsR,4529945,4530941,-1	
NC_014019:rbsR,896403,897393,1	rbsK,897385,898264,1	rbsD,898264,898654,1	rbsA,898668,900150,1	rbsC,900151,901111,1	rbsB,901122,902043,1	
NC_013893:rbsA,19344,20220,-1	rbsK,307183,308068,1	rbsR,2598965,2599943,1	
NC_013891:rbsA,28283,28913,-1	rbsK,358317,359295,1	rbsR,2029979,2030990,-1	
NC_012121:rbsA,299413,301144,1	rbsR,1358163,1359153,-1	rbsK,2495602,2496517,-1	rbsD,2496535,2496940,-1	
NC_023134:rbsR,3549649,3550639,1	rbsK,3550631,3551510,1	rbsD,3551511,3551910,1	rbsA,3551924,3553406,1	rbsC,3553407,3554376,1	rbsB,3554394,3555312,1	
NC_016935:rbsK,1534310,1535219,1	rbsB,2652361,2653327,1	rbsA,2653416,2654982,1	rbsC,2654978,2655950,1	rbsR,2656149,2657154,1	
NC_011567:rbsB,2662698,2663628,-1	rbsC,2663655,2664618,-1	rbsA,2664617,2666108,-1	rbsD,2666121,2666526,-1	rbsK,2666522,2667407,-1	rbsR,2667403,2668393,-1	
NC_006582:rbsB,3687082,3688021,-1	rbsC,3688113,3689058,-1	rbsA,3689044,3690544,-1	rbsD,3690559,3690949,-1	rbsK,3690999,3691881,-1	rbsR,3691880,3692864,-1	
NC_010382:rbsA,130392,132384,-1	rbsK,3312269,3313127,-1	rbsR,4069403,4070408,-1	
NC_000964:rbsR,3701410,3702391,1	rbsK,3702392,3703274,1	rbsD,3703270,3703666,1	rbsA,3703681,3705163,1	rbsC,3705164,3706133,1	rbsB,3706144,3707062,1	
NC_018665:rbsB,2182097,2183012,-1	rbsC,2183039,2184008,-1	rbsA,2184009,2185488,-1	rbsD,2185500,2185890,-1	rbsK,2185886,2186765,-1	rbsR,2186761,2187742,-1	
NC_013205:rbsK,2337846,2338770,-1	rbsB,2338788,2339754,-1	rbsC,2339808,2340738,-1	rbsA,2340734,2342237,-1	rbsD,2342256,2342652,-1	rbsR,2342698,2343703,-1	rbsA,2343976,2345806,-1	rbsA,2345807,2347577,-1	
NC_014483:rbsB,2738471,2739392,-1	rbsC,2739426,2740395,-1	rbsA,2740396,2741878,-1	rbsD,2741908,2742343,-1	rbsK,2742342,2743224,-1	rbsR,2743213,2744242,-1	
