resA,a	resB,b	resC,c	resD,d	resE,e	
NC_011999:resE,1244704,1246462,-1	resD,1246461,1247169,-1	resC,1247187,1248423,-1	resB,1248388,1250008,-1	resA,1250079,1250613,-1	
NC_007350:resD,28099,28801,1	resE,28813,30646,1	
NC_018065:resE,2827328,2829107,-1	resD,2829099,2829816,-1	resC,2830004,2831189,-1	resB,2831185,2832844,-1	resA,2832857,2833391,-1	
NC_013791:resA,1413960,1414494,1	resB,1414542,1416255,1	resC,1416283,1417471,1	resD,1417608,1418325,1	resE,1418324,1420124,1	
NC_004193:resE,1853647,1855402,-1	resD,1855401,1856118,-1	resC,1856316,1857507,-1	resB,1857549,1859190,-1	resA,1859216,1859795,-1	
NC_018704:resD,321433,322132,1	resE,322128,323448,1	resA,1738234,1738819,-1	
NC_009848:resE,2087531,2089313,-1	resD,2089309,2090032,-1	resC,2090119,2091298,-1	resB,2091281,2092961,-1	resA,2092962,2093493,-1	
NC_017668:resE,2306670,2308455,-1	resD,2308454,2309171,-1	resC,2309263,2310454,-1	resB,2310482,2312117,-1	resA,2312145,2312700,-1	
NC_002570:resA,1652937,1653468,1	resB,1653490,1655161,1	resC,1655157,1656357,1	resD,1656451,1657168,1	resE,1657167,1658952,1	
NC_002976:resE,364453,365419,-1	resD,365508,366198,-1	
NC_014829:resA,2006653,2007187,1	resB,2007199,2008876,1	resC,2008868,2010053,1	resD,2010179,2010896,1	resE,2010895,2012689,1	
NC_015634:resE,1637737,1639507,-1	resD,1639503,1640220,-1	resC,1640359,1641571,-1	resB,1641605,1643246,-1	resA,1643261,1643801,-1	
NC_010184:resA,1451704,1452226,1	resB,1452350,1453967,1	resC,1453985,1455143,1	resD,1455444,1456161,1	resE,1456160,1457936,1	
NC_014219:resE,2398140,2399952,-1	resD,2399954,2400668,-1	resC,2400816,2402004,-1	resB,2401990,2403670,-1	resA,2403687,2404209,-1	
NC_006510:resE,2311645,2313439,-1	resD,2313438,2314164,-1	resC,2314260,2315448,-1	resB,2315434,2317099,-1	resA,2317112,2317637,-1	
NC_022524:resE,3162819,3164592,-1	resD,3164588,3165305,-1	resC,3165426,3166614,-1	resB,3166616,3168272,-1	resA,3168287,3168815,-1	
NC_014098:resD,266718,267423,-1	resE,267511,268627,1	resA,306789,307353,1	resC,646124,646940,1	
NC_012673:resE,400781,402491,-1	resD,402487,403204,-1	resC,403364,404549,-1	resB,404548,406093,-1	resA,406112,406664,-1	
NC_012491:resA,2493926,2494451,1	resB,2494464,2496099,1	resC,2496123,2497353,1	resD,2497441,2498158,1	resE,2498159,2499944,1	
NC_012914:resA,2739058,2739586,1	resB,2739607,2741275,1	resC,2741271,2742531,1	resD,2742570,2743287,1	resE,2743286,2744747,1	
NC_014019:resE,4210927,4212700,-1	resD,4212699,4213416,-1	resC,4213765,4214944,-1	resB,4214955,4216578,-1	resA,4216590,4217112,-1	
NC_013893:resD,53984,54683,-1	resE,54687,57342,-1	
NC_013891:resD,290507,291221,1	resE,291408,293241,1	
NC_012121:resD,311274,311955,1	resE,311941,312985,1	
NC_023134:resA,1253830,1254409,1	resB,1254423,1256094,1	resC,1256090,1257335,1	resD,1257410,1258124,1	resE,1258125,1259979,1	
NC_016935:resA,3422568,3423093,1	resB,3423249,3424926,1	resC,3424922,3426170,1	resD,3426207,3426924,1	resE,3426925,3428779,1	
NC_011567:resA,1036537,1037065,1	resB,1037077,1038694,1	resC,1038705,1039881,1	resD,1039953,1040688,1	resE,1040684,1042448,1	
NC_006582:resA,1948540,1949074,1	resB,1949095,1950730,1	resC,1950748,1951948,1	resD,1952072,1952789,1	resE,1952785,1954582,1	
NC_010382:resA,1809262,1809796,1	resB,1809803,1811486,1	resC,1811482,1812664,1	resD,1812773,1813496,1	resE,1813578,1815264,1	
NC_000964:resE,2415414,2417184,-1	resD,2417180,2417903,-1	resC,2417983,2419159,-1	resB,2419178,2420807,-1	resA,2420803,2421343,-1	
NC_018665:resA,1011627,1012218,1	resB,1012236,1013781,1	resC,1013777,1014944,1	resD,1015127,1015844,1	resE,1015846,1017574,1	
NC_013205:resD,55674,56349,1	resE,56345,57458,1	resA,1162237,1162819,-1	
NC_014483:resD,373637,374324,1	resE,374320,375811,1	resA,1827418,1828063,1	
