nasB,a	nasC,b	nasD,c	nasE,d	nasF,e	
NC_011999:nasD,410017,412456,1	nasC,777043,780010,-1	nasF,1450940,1451945,-1	nasE,1451935,1452247,-1	nasB,1452249,1454652,-1	
NC_007350:
NC_018065:
NC_013791:nasC,996819,999084,1	nasF,1296165,1297644,1	nasE,3373454,3373781,-1	nasB,3373792,3376216,-1	nasD,3660221,3661544,1	
NC_004193:
NC_018704:
NC_009848:nasF,1514944,1515700,1	nasE,1862228,1862552,-1	nasB,1862566,1864987,-1	nasC,1886528,1888571,1	
NC_017668:
NC_002570:nasB,666464,668888,1	nasE,668900,669224,1	nasC,669251,671483,1	nasF,1572144,1573602,1	nasD,3895785,3897096,1	
NC_002976:nasB,550614,551931,-1	nasF,2007819,2008755,-1	nasE,2008745,2009060,-1	nasD,2009062,2011468,-1	
NC_014829:nasB,265608,268119,1	nasE,268142,268460,1	nasF,268463,269888,1	nasC,3124336,3126460,-1	nasD,3590588,3591221,-1	
NC_015634:
NC_010184:nasC,581113,584056,1	nasF,2041290,2042715,-1	nasE,2042929,2043244,-1	nasB,2043259,2045662,-1	
NC_014219:
NC_006510:nasF,1818968,1819739,-1	nasC,1890972,1893120,-1	nasE,1893131,1893440,-1	nasB,1893588,1896015,-1	
NC_022524:
NC_014098:nasF,648543,650103,1	nasE,1169243,1169582,-1	nasB,1169627,1172048,-1	nasC,1172428,1174594,1	
NC_012673:
NC_012491:
NC_012914:nasD,2558024,2560070,1	nasC,2560045,2562208,1	nasF,5105052,5106615,-1	nasE,6784493,6784808,-1	nasB,6784819,6787258,-1	
NC_014019:nasB,1138542,1140957,1	nasE,1140975,1141302,1	nasF,1141373,1142144,1	nasD,2232614,2233949,1	nasD,2232614,2233949,1	
NC_013893:nasB,653942,656348,1	nasE,656351,656666,1	nasF,656656,657589,1	nasC,786214,789169,1	
NC_013891:
NC_012121:nasC,1805653,1808614,-1	nasF,1902429,1903383,-1	nasE,1903373,1903688,-1	nasB,1903690,1906096,-1	
NC_023134:nasD,1506008,1507343,1	nasC,1654485,1657434,1	nasE,2541941,2542280,-1	nasB,2542294,2544739,-1	nasF,2842059,2843610,-1	
NC_016935:nasB,681706,684202,1	nasE,684273,684606,1	nasC,879948,882093,1	nasF,7188701,7190243,-1	
NC_011567:
NC_006582:nasF,1746964,1748338,1	nasB,1748379,1750821,1	nasE,1750820,1751144,1	nasD,1751167,1753396,1	nasC,1753507,1755667,1	
NC_010382:nasF,603377,604151,1	nasB,701399,702734,1	nasC,3256289,3259226,1	
NC_000964:nasF,353899,355351,-1	nasE,355411,355732,-1	nasB,355763,358181,-1	nasC,358302,360435,-1	nasB,360441,362757,-1	
NC_018665:
NC_013205:
NC_014483:nasB,664908,667338,1	nasE,667377,667707,1	nasC,3245896,3248077,-1	nasD,3248168,3250343,-1	nasF,4015673,4017230,-1	
