licA,a	licB,b	licC,c	licH,d	licR,e	
NC_011999:
NC_007350:licC,268583,269900,1	licB,270851,271172,1	licA,271182,271509,1	licR,755500,757531,-1	
NC_018065:
NC_013791:licH,989562,990903,1	licH,989562,990903,1	
NC_004193:licH,2316064,2317375,1	licC,2317387,2318680,1	licA,2318679,2319015,1	licB,2319016,2319322,1	licR,2834980,2836927,1	
NC_018704:licH,725298,726615,1	licB,2304139,2304451,1	licC,2304498,2305791,1	licA,2305863,2306172,1	licR,2307682,2309617,1	
NC_009848:licH,3465972,3467301,-1	licA,3467297,3467624,-1	licC,3467650,3469000,-1	licB,3469014,3469320,-1	licR,3469439,3471386,-1	
NC_017668:
NC_002570:licH,199557,200886,1	licR,209690,211742,-1	licC,4055120,4056413,-1	licA,4056438,4056768,-1	licB,4056767,4057079,-1	
NC_002976:licC,1836394,1838143,-1	licA,1838148,1838463,-1	licR,2287463,2289335,1	
NC_014829:
NC_015634:licR,448799,450776,1	licB,450902,451235,1	licA,451243,451582,1	licC,452715,453999,1	licH,2620261,2621053,-1	
NC_010184:licR,792023,793964,1	licA,794074,794395,1	licB,794396,794702,1	licC,794778,796089,1	licH,4963367,4964693,-1	licA,4964696,4965020,-1	licC,4965203,4966511,-1	licB,4966527,4966830,-1	licA,4967138,4967456,-1	licC,4967465,4968767,-1	licB,4968781,4969084,-1	
NC_014219:licH,193430,194756,1	licC,194755,196063,1	licA,196059,196383,1	licB,196400,196712,1	licR,1029279,1031172,1	
NC_006510:licC,1885156,1886476,-1	licA,1886491,1886824,-1	licB,1886825,1887137,-1	licR,1987672,1989763,-1	licH,3247428,3248772,-1	
NC_022524:licR,1948235,1950176,1	licB,1950416,1950722,1	licC,1950736,1952086,1	licB,1952974,1953289,1	licA,1953372,1953702,1	licH,1953698,1955027,1	
NC_014098:
NC_012673:licH,1110265,1111585,1	licC,1111581,1112901,1	licA,1112897,1113230,1	licB,1113226,1113520,1	licR,2133796,2135827,1	
NC_012491:licR,5952437,5954543,-1	licH,5982346,5983669,-1	licA,5983665,5983992,-1	licC,5984772,5986125,-1	licB,5986132,5986435,-1	
NC_012914:
NC_014019:licR,730708,732619,1	licB,732779,733085,1	licC,733098,734457,1	licA,734470,734800,1	licH,734796,736125,1	
NC_013893:licR,299641,301573,1	licA,890803,891115,1	licC,891123,892863,1	
NC_013891:licH,93673,95002,1	licH,460970,462287,-1	licA,834214,834544,1	licB,834544,834880,1	licC,834899,836225,1	
NC_012121:licA,671244,671577,1	licC,671589,673290,1	licR,2519499,2521371,-1	
NC_023134:
NC_016935:
NC_011567:licR,1562460,1562898,-1	licR,1562898,1564974,-1	
NC_006582:licR,496186,498013,1	licB,698616,698913,-1	licA,698914,699247,-1	licC,699221,700535,-1	licH,700531,701860,-1	
NC_010382:licC,3767761,3769090,-1	licA,3769136,3769457,-1	licB,3769473,3769806,-1	
NC_000964:licH,3958515,3959844,-1	licA,3959840,3960173,-1	licC,3960191,3961550,-1	licB,3961565,3961874,-1	licR,3962002,3963928,-1	
NC_018665:
NC_013205:
NC_014483:licH,1090998,1092645,1	licH,4088604,4089948,1	licR,4159456,4161382,1	licA,4161430,4161874,1	licC,4161892,4163188,1	
