cdsA,a	dxr,b	frr,c	proS,d	pyrH,e	rpsB,f	rseP,g	tsf,h	uppS,i	
NC_011999:rpsB,916874,917642,1	tsf,917767,918649,1	pyrH,918793,919516,1	frr,919541,920099,1	uppS,920240,920990,1	cdsA,921000,921786,1	dxr,921938,923069,1	rseP,923071,924352,1	proS,924435,926142,1	
NC_007350:proS,1563221,1564922,-1	rseP,1564941,1566228,-1	cdsA,1566551,1567334,-1	uppS,1567351,1568116,-1	frr,1568345,1568900,-1	pyrH,1568916,1569639,-1	tsf,1569773,1570652,-1	rpsB,1570745,1571534,-1	
NC_018065:proS,3021159,3022866,-1	rseP,3023251,3024508,-1	dxr,3024650,3025796,-1	cdsA,3025818,3026616,-1	uppS,3026612,3027407,-1	frr,3027902,3028460,-1	pyrH,3028459,3029185,-1	tsf,3029348,3030233,-1	rpsB,3030391,3031114,-1	
NC_013791:proS,2285975,2287694,-1	rseP,2287742,2288996,-1	dxr,2289016,2290165,-1	cdsA,2290224,2291022,-1	uppS,2291037,2291811,-1	frr,2291962,2292520,-1	pyrH,2292519,2293239,-1	tsf,2293415,2294300,-1	rpsB,2294446,2295280,-1	
NC_004193:proS,595507,596944,1	rpsB,1622570,1623335,1	tsf,1623426,1624311,1	pyrH,1624481,1625204,1	frr,1625206,1625764,1	uppS,1626075,1626834,1	cdsA,1626849,1627638,1	rseP,1627754,1629029,1	
NC_018704:proS,1509668,1511369,-1	rseP,1511395,1512652,-1	cdsA,1512670,1513462,-1	uppS,1513482,1514250,-1	frr,1514455,1515013,-1	pyrH,1515016,1515739,-1	tsf,1515876,1516761,-1	rpsB,1516845,1517628,-1	
NC_009848:tsf,1599123,1600005,1	pyrH,1600209,1600863,1	frr,1600864,1601422,1	uppS,1601551,1602334,1	cdsA,1602442,1603141,1	dxr,1603179,1604331,1	rseP,1604337,1605603,1	proS,1605682,1607380,1	
NC_017668:rpsB,2056575,2057313,1	tsf,2057439,2058324,1	pyrH,2058439,2059162,1	frr,2059164,2059722,1	uppS,2060004,2060772,1	cdsA,2060788,2061589,1	dxr,2061601,2062750,1	rseP,2062766,2064023,1	proS,2064137,2065841,1	
NC_002570:proS,2543226,2544936,-1	rseP,2544979,2546242,-1	dxr,2546257,2547406,-1	cdsA,2547433,2548228,-1	uppS,2548246,2549017,-1	frr,2549172,2549730,-1	pyrH,2549729,2550449,-1	tsf,2550610,2551492,-1	rpsB,2551661,2552396,-1	
NC_002976:rpsB,827480,828269,1	tsf,828420,829299,1	pyrH,829439,830162,1	frr,830178,830733,1	uppS,830953,831724,1	cdsA,831727,832510,1	rseP,832743,834030,1	proS,834048,835752,1	
NC_014829:proS,2665285,2666986,-1	rseP,2667056,2668316,-1	dxr,2668329,2669478,-1	cdsA,2669519,2670311,-1	uppS,2670326,2671097,-1	frr,2671262,2671820,-1	pyrH,2671819,2672545,-1	tsf,2672651,2673536,-1	rpsB,2673685,2674384,-1	
NC_015634:rpsB,1210941,1211697,1	tsf,1211829,1212714,1	pyrH,1212850,1213576,1	frr,1213572,1214133,1	uppS,1214499,1215294,1	cdsA,1215290,1216094,1	dxr,1216355,1217258,1	rseP,1217322,1218582,1	proS,1218927,1220637,1	
NC_010184:proS,3692574,3694275,-1	rseP,3694384,3695641,-1	dxr,3695658,3696801,-1	cdsA,3696824,3697616,-1	uppS,3697633,3698410,-1	frr,3698495,3699053,-1	pyrH,3699056,3699779,-1	tsf,3699845,3700733,-1	rpsB,3700836,3701538,-1	
NC_014219:rpsB,1966191,1966920,1	tsf,1967014,1967896,1	pyrH,1967965,1968697,1	frr,1968693,1969251,1	uppS,1969668,1970421,1	cdsA,1970436,1971228,1	dxr,1971338,1972484,1	rseP,1972497,1973754,1	proS,1973800,1975504,1	
NC_006510:rpsB,1262582,1263290,1	tsf,1263447,1264332,1	pyrH,1264400,1265123,1	frr,1265125,1265683,1	uppS,1265765,1266539,1	cdsA,1266535,1267330,1	dxr,1267350,1268499,1	rseP,1268501,1269767,1	proS,1269790,1271494,1	
NC_022524:rpsB,1811966,1812668,1	tsf,1812757,1813639,1	pyrH,1813743,1814469,1	frr,1814468,1815026,1	uppS,1815313,1816090,1	cdsA,1816109,1816907,1	dxr,1816968,1818093,1	rseP,1818335,1819613,1	proS,1819741,1821448,1	
NC_014098:rpsB,1533671,1534367,1	tsf,1534464,1535115,1	pyrH,1535205,1535931,1	frr,1535927,1536482,1	uppS,1536532,1537309,1	cdsA,1537322,1538147,1	dxr,1538311,1539517,1	rseP,1539513,1540752,1	proS,1541886,1543590,1	
NC_012673:rpsB,2900215,2900956,1	tsf,2901073,2901955,1	pyrH,2902065,2902791,1	frr,2902787,2903348,1	uppS,2903432,2904170,1	cdsA,2904171,2904969,1	dxr,2904983,2906141,1	rseP,2906144,2907395,1	proS,2907418,2909128,1	
NC_012491:proS,3651944,3653690,-1	rseP,3654871,3656131,-1	dxr,3656180,3657329,-1	cdsA,3657369,3658155,-1	uppS,3658172,3658883,-1	frr,3659008,3659566,-1	pyrH,3659568,3660291,-1	tsf,3660451,3661339,-1	rpsB,3661476,3662187,-1	
NC_012914:rseP,3897875,3899141,-1	dxr,3899227,3900367,-1	cdsA,3900691,3901486,-1	uppS,3901512,3902277,-1	frr,3902343,3902898,-1	pyrH,3902897,3903626,-1	tsf,3903725,3904376,-1	rpsB,3904480,3905179,-1	proS,4354246,4355962,-1	
NC_014019:proS,4004580,4006278,-1	rseP,4006383,4007643,-1	dxr,4007721,4008870,-1	cdsA,4008905,4009697,-1	uppS,4009715,4010498,-1	frr,4010632,4011190,-1	pyrH,4011192,4011915,-1	tsf,4011991,4012873,-1	rpsB,4012980,4013700,-1	
NC_013893:proS,1686304,1688005,-1	rseP,1688023,1689310,-1	cdsA,1692133,1692916,-1	uppS,1692929,1693691,-1	frr,1693952,1694507,-1	pyrH,1694591,1695314,-1	tsf,1695450,1696329,-1	rpsB,1696512,1697301,-1	
NC_013891:pyrH,1248814,1249543,1	frr,1249542,1250100,1	uppS,1250330,1251089,1	cdsA,1251102,1251891,1	dxr,1251905,1253048,1	rseP,1253061,1254324,1	proS,1254358,1256065,1	tsf,1622552,1623437,-1	rpsB,1623516,1624266,-1	
NC_012121:rpsB,893569,894352,1	tsf,894589,895471,1	pyrH,895605,896328,1	frr,896345,896900,1	uppS,897080,897848,1	cdsA,897865,898648,1	rseP,898881,900162,1	proS,900183,901884,1	
NC_023134:proS,2153514,2154960,-1	rseP,2155037,2156291,-1	dxr,2156628,2157786,-1	cdsA,2157813,2158602,-1	uppS,2158625,2159402,-1	frr,2159473,2160028,-1	pyrH,2160031,2160757,-1	tsf,2160983,2161634,-1	rpsB,2161765,2162464,-1	
NC_016935:rseP,6145615,6146878,-1	dxr,6147030,6148302,-1	cdsA,6148347,6149136,-1	uppS,6149201,6149969,-1	frr,6150029,6150584,-1	pyrH,6150587,6151310,-1	tsf,6151430,6152081,-1	rpsB,6152177,6152876,-1	proS,8517032,8518736,-1	
NC_011567:proS,1697265,1698972,-1	rseP,1698988,1700257,-1	dxr,1700260,1701415,-1	cdsA,1701421,1702189,-1	uppS,1702195,1702960,-1	frr,1703053,1703605,-1	pyrH,1703606,1704329,-1	tsf,1704391,1705282,-1	rpsB,1705400,1706108,-1	
NC_006582:proS,2363509,2365210,-1	rseP,2365244,2366501,-1	dxr,2366524,2367664,-1	cdsA,2367731,2368529,-1	uppS,2368544,2369318,-1	frr,2369434,2369992,-1	pyrH,2369995,2370706,-1	tsf,2370804,2371689,-1	rpsB,2371787,2372516,-1	
NC_010382:rpsB,1669072,1669777,1	tsf,1669879,1670767,1	pyrH,1670981,1671707,1	frr,1671706,1672084,1	frr,1672132,1672267,1	uppS,1672582,1673377,1	cdsA,1673373,1674174,1	dxr,1674236,1675382,1	rseP,1675428,1676691,1	proS,1676839,1678546,1	
NC_000964:rpsB,1717932,1718673,1	tsf,1718774,1719656,1	pyrH,1719801,1720524,1	frr,1720525,1721083,1	uppS,1721213,1721996,1	cdsA,1721999,1722809,1	dxr,1722870,1724022,1	rseP,1724028,1725297,1	proS,1725329,1727024,1	
NC_018665:proS,1656242,1657943,-1	rseP,1657972,1659214,-1	dxr,1659227,1660382,-1	cdsA,1660394,1661195,-1	uppS,1661214,1661952,-1	frr,1662035,1662593,-1	pyrH,1662594,1663314,-1	tsf,1663424,1664306,-1	rpsB,1664388,1665123,-1	
NC_013205:rpsB,1469036,1469738,1	tsf,1469835,1470492,1	pyrH,1470574,1471309,1	frr,1471295,1471859,1	uppS,1471894,1472659,1	cdsA,1472671,1473466,1	dxr,1473489,1474641,1	rseP,1474645,1475914,1	
NC_014483:rpsB,2034787,2035486,1	tsf,2035617,2036268,1	pyrH,2036389,2037118,1	frr,2037117,2037672,1	uppS,2037756,2038524,1	cdsA,2038541,2039333,1	dxr,2039479,2040619,1	rseP,2040725,2041997,1	proS,2042048,2043497,1	
