cggR,a	eno,b	gapA,c	pgk,d	pgm,e	tpiA,f	
NC_011999:cggR,552197,553220,1	gapA,553357,554371,1	pgk,554477,555668,1	tpiA,555683,556430,1	pgm,556429,557965,1	eno,558056,559361,1	
NC_007350:eno,1977806,1979111,-1	pgm,1979302,1980820,-1	tpiA,1980821,1981583,-1	pgk,1981662,1982853,-1	gapA,1982984,1983992,-1	cggR,1984032,1985061,-1	
NC_018065:cggR,847012,848041,1	gapA,848107,849121,1	pgk,849406,850591,1	tpiA,850776,851538,1	pgm,851530,853072,1	eno,853148,854441,1	
NC_013791:eno,3307890,3309180,-1	pgm,3309201,3310731,-1	tpiA,3310727,3311483,-1	pgk,3311504,3312686,-1	gapA,3312782,3313790,-1	cggR,3313914,3314934,-1	
NC_004193:eno,2488544,2489834,-1	pgm,2489857,2491396,-1	tpiA,2491392,2492151,-1	pgk,2492178,2493360,-1	gapA,2493544,2494552,-1	cggR,2494596,2495616,-1	
NC_018704:eno,1906611,1907898,-1	pgm,1907925,1909461,-1	tpiA,1909457,1910216,-1	pgk,1910258,1911449,-1	gapA,1911544,1912546,-1	cggR,1912579,1913608,-1	
NC_009848:eno,3031424,3032717,-1	pgm,3032746,3034282,-1	tpiA,3034274,3035036,-1	pgk,3035066,3036251,-1	gapA,3036464,3037472,-1	cggR,3037503,3038541,-1	
NC_017668:eno,2950466,2951753,-1	pgm,2951767,2953306,-1	tpiA,2953298,2954060,-1	pgk,2954078,2955260,-1	gapA,2955439,2956447,-1	cggR,2956482,2957511,-1	
NC_002570:eno,3656958,3658248,-1	pgm,3658340,3659873,-1	tpiA,3659869,3660625,-1	pgk,3660646,3661831,-1	gapA,3661938,3662946,-1	cggR,3663023,3664043,-1	
NC_002976:cggR,445407,446421,1	gapA,446472,447483,1	pgk,447676,448867,1	tpiA,448997,449759,1	pgm,449761,451279,1	eno,451417,452722,1	
NC_014829:eno,3763641,3764928,-1	pgm,3765004,3766543,-1	tpiA,3766535,3767294,-1	pgk,3767324,3768509,-1	gapA,3768686,3769694,-1	cggR,3769828,3770854,-1	
NC_015634:eno,2260188,2261484,-1	pgm,2261883,2263419,-1	tpiA,2263411,2264173,-1	pgk,2264199,2265384,-1	gapA,2265473,2266481,-1	cggR,2266546,2267575,-1	
NC_010184:eno,4890492,4891788,-1	pgm,4891818,4893348,-1	tpiA,4893344,4894100,-1	pgk,4894132,4895317,-1	gapA,4895456,4896461,-1	cggR,4896487,4897516,-1	
NC_014219:cggR,1285399,1286425,1	gapA,1286548,1287556,1	pgk,1287665,1288850,1	tpiA,1288878,1289637,1	pgm,1289629,1291168,1	eno,1291211,1292498,1	
NC_006510:eno,3073535,3074828,-1	pgm,3074869,3076405,-1	tpiA,3076397,3077159,-1	pgk,3077220,3078405,-1	gapA,3078527,3079535,-1	cggR,3079577,3080597,-1	
NC_022524:eno,3961164,3962460,-1	pgm,3962485,3964021,-1	tpiA,3964013,3964775,-1	pgk,3964802,3965987,-1	gapA,3966183,3967191,-1	cggR,3967248,3968271,-1	
NC_014098:eno,2140845,2142132,-1	pgm,2142128,2143664,-1	tpiA,2143660,2144467,-1	pgk,2144463,2145663,-1	gapA,2145873,2146911,-1	cggR,2146974,2148051,-1	
NC_012673:eno,812988,814281,-1	pgm,814317,815856,-1	tpiA,815856,816609,-1	pgk,816627,817812,-1	gapA,817909,818917,-1	cggR,818976,820005,-1	
NC_012491:eno,5545353,5546640,-1	pgm,5546727,5548269,-1	tpiA,5548281,5549040,-1	pgk,5549061,5550246,-1	gapA,5550345,5551350,-1	cggR,5552752,5553778,-1	
NC_012914:cggR,190961,192008,1	gapA,192085,193090,1	pgk,193289,194471,1	tpiA,194508,195264,1	pgm,195265,196801,1	eno,196879,198172,1	
NC_014019:eno,4849037,4850333,-1	pgm,4850357,4851890,-1	tpiA,4851889,4852645,-1	pgk,4852820,4854005,-1	gapA,4854314,4855322,-1	cggR,4855367,4856396,-1	
NC_013893:eno,2118374,2119688,-1	pgm,2119823,2121344,-1	tpiA,2121346,2122108,-1	pgk,2122233,2123424,-1	gapA,2123556,2124567,-1	cggR,2124614,2125634,-1	
NC_013891:eno,2420164,2421457,-1	pgm,2421571,2423104,-1	tpiA,2423105,2423861,-1	pgk,2423906,2425097,-1	gapA,2425232,2426243,-1	cggR,2426275,2427322,-1	
NC_012121:cggR,437390,438407,1	gapA,438472,439480,1	pgk,439743,440934,1	tpiA,440976,441738,1	pgm,441739,443257,1	eno,443352,444657,1	
NC_023134:cggR,265699,266728,1	gapA,266778,267789,1	pgk,267927,269109,1	tpiA,269130,269883,1	pgm,269884,271423,1	eno,271579,272872,1	
NC_016935:cggR,218611,219643,1	gapA,219734,220739,1	pgk,221130,222315,1	tpiA,222330,223083,1	pgm,223084,224629,1	eno,224680,225973,1	
NC_011567:eno,2490543,2491839,-1	pgm,2491858,2493394,-1	tpiA,2493390,2494146,-1	pgk,2494163,2495348,-1	gapA,2495463,2496471,-1	cggR,2496507,2497539,-1	
NC_006582:eno,3137827,3139117,-1	pgm,3139140,3140673,-1	tpiA,3140669,3141425,-1	pgk,3141442,3142627,-1	gapA,3142707,3143715,-1	cggR,3143778,3144795,-1	
NC_010382:cggR,479859,480909,1	gapA,481023,482055,1	pgk,482603,483788,1	tpiA,483814,484576,1	pgm,484568,486110,1	eno,486112,487405,1	
NC_000964:eno,3476554,3477847,-1	pgm,3477876,3479412,-1	tpiA,3479404,3480166,-1	pgk,3480196,3481381,-1	gapA,3481697,3482705,-1	cggR,3482751,3483774,-1	
NC_018665:eno,2190592,2191894,-1	pgm,2191971,2193519,-1	tpiA,2193519,2194272,-1	pgk,2194299,2195484,-1	gapA,2195609,2196617,-1	cggR,2196670,2197699,-1	
NC_013205:pgk,792843,794031,1	tpiA,794044,794815,1	pgm,794811,796377,1	eno,796402,797683,1	gapA,2334325,2335330,-1	cggR,2335307,2336381,-1	
NC_014483:cggR,216999,218037,1	gapA,218130,219141,1	pgk,219261,220443,1	tpiA,220502,221255,1	pgm,221256,222801,1	eno,222864,224151,1	
