argB,a	argC,b	argD,c	argF,d	argJ,e	carA,f	carB,g	
NC_011999:
NC_007350:argD,249095,250280,1	argC,250324,251356,1	argJ,251379,252618,1	argB,252630,253392,1	argF,262530,263505,1	carA,1638928,1640029,-1	
NC_018065:argC,1253849,1254884,1	argJ,1254957,1256181,1	argB,1256143,1256920,1	argD,1256916,1258068,1	argF,1339038,1340007,1	carA,3137705,3138806,-1	
NC_013791:argF,2686752,2687709,-1	carA,2690872,2691952,-1	argD,2692043,2693201,-1	argB,2693214,2694000,-1	argJ,2694013,2695285,-1	argC,2695262,2696300,-1	
NC_004193:argF,485837,486806,1	argC,1118172,1119213,1	argJ,1119225,1120449,1	argB,1120458,1121256,1	argD,1121248,1122448,1	carA,1122440,1123529,1	
NC_018704:argF,315663,316605,1	argD,2282165,2283338,-1	argB,2283330,2284119,-1	argJ,2284132,2285362,-1	argC,2285371,2286409,-1	
NC_009848:argC,1128622,1129666,1	argJ,1129686,1130907,1	argB,1130921,1131698,1	argD,1131694,1132846,1	carA,1132915,1133977,1	argF,1137046,1137997,1	
NC_017668:argF,3827767,3828724,-1	carA,3831738,3832803,-1	argD,3832911,3834072,-1	argB,3834068,3834866,-1	argJ,3834846,3836076,-1	argC,3836096,3837134,-1	
NC_002570:argF,3007903,3008863,-1	carA,3012023,3013103,-1	argD,3013178,3014333,-1	argB,3014345,3015128,-1	argJ,3015156,3016392,-1	argC,3016406,3017444,-1	
NC_002976:carA,766434,767535,1	argD,1133702,1134830,-1	argB,1134832,1135570,-1	argJ,1135579,1136773,-1	argC,1136790,1137816,-1	argF,2276500,2277508,-1	
NC_014829:argF,4533056,4534034,-1	carA,4537259,4538348,-1	argD,4538344,4539541,-1	argB,4539533,4540337,-1	argJ,4540348,4541575,-1	argC,4541602,4542643,-1	
NC_015634:argF,1530470,1531421,-1	carA,1534628,1535603,-1	argD,1535735,1536932,-1	argB,1536924,1537713,-1	argJ,1537777,1539019,-1	argC,1539058,1540096,-1	
NC_010184:carA,3765769,3766867,-1	argF,3993085,3994036,-1	argD,3994048,3995209,-1	argB,3995205,3995973,-1	argJ,3995984,3997208,-1	argC,3997218,3998256,-1	
NC_014219:argF,2170813,2171740,-1	carA,2174957,2176052,-1	argD,2176048,2177251,-1	argB,2177247,2178021,-1	argJ,2178035,2179265,-1	argC,2179294,2180332,-1	
NC_006510:argC,818290,819325,1	argJ,819342,820575,1	argB,820587,821364,1	argD,821360,822521,1	carA,822609,823674,1	argF,826791,827730,1	
NC_022524:argC,1350149,1351181,1	argJ,1351287,1352520,1	argB,1352530,1353301,1	argD,1353297,1354455,1	carA,1354563,1355643,1	argF,1358745,1359702,1	
NC_014098:argF,1340578,1341613,1	carA,1341609,1342734,1	argD,2288680,2289886,-1	argB,2290293,2291163,-1	argJ,2291236,2292481,-1	argC,2292578,2293625,-1	
NC_012673:argC,2014139,2015165,1	argJ,2015176,2016394,1	argB,2016390,2017170,1	argD,2017129,2018275,1	carA,2018271,2019324,1	argF,2022333,2023260,1	
NC_012491:argF,5612562,5613498,-1	carA,5616713,5617820,-1	argD,5617968,5619150,-1	argB,5619169,5619967,-1	argC,5619980,5621021,-1	
NC_012914:carA,4406867,4408013,-1	argF,6577511,6578468,-1	argD,6578508,6579708,-1	argB,6579727,6580516,-1	argJ,6580545,6581790,-1	argC,6581882,6582932,-1	
NC_014019:argC,635024,636068,1	argJ,636113,637349,1	argB,637361,638186,1	argD,638151,639306,1	carA,639376,640450,1	argF,643549,644500,1	
NC_013893:
NC_013891:argF,1541224,1542175,-1	argD,1542171,1543332,-1	argB,1543328,1544081,-1	argJ,1544095,1545292,-1	argC,1545305,1546337,-1	carA,1870998,1872090,-1	
NC_012121:
NC_023134:argC,121850,122933,1	argJ,123006,124233,1	argB,124290,125085,1	argD,125117,126338,1	argF,126356,127316,1	carA,2434288,2435467,-1	
NC_016935:argC,122425,123472,1	argJ,123512,124742,1	argB,124848,125640,1	argD,125681,126875,1	argF,126970,127927,1	carA,6438750,6439929,-1	
NC_011567:argF,2120248,2121193,-1	carA,2124286,2125354,-1	argD,2125403,2126597,-1	argB,2126557,2127316,-1	argJ,2127328,2128555,-1	argC,2128569,2129610,-1	
NC_006582:argF,2671943,2672888,-1	carA,2676031,2677114,-1	argD,2677193,2678360,-1	argB,2678377,2679151,-1	argJ,2679162,2680389,-1	argC,2680403,2681438,-1	
NC_010382:carA,1551570,1552671,1	argF,3965236,3966250,-1	argD,4060236,4061367,-1	argB,4061440,4062184,-1	argJ,4062188,4063457,-1	argC,4063465,4064509,-1	
NC_000964:argC,1195033,1196071,1	argJ,1196090,1197311,1	argB,1197325,1198102,1	argD,1198098,1199256,1	carA,1199326,1200388,1	argF,1203460,1204420,1	
NC_018665:argC,559520,560552,1	argJ,560566,561784,1	argB,561780,562554,1	argD,562564,563662,1	carA,563658,564711,1	argF,1753506,1754424,-1	
NC_013205:argC,1261305,1262352,1	argB,1262364,1263150,1	argD,1263146,1264316,1	argF,1269770,1270838,1	carA,1355531,1356638,1	
NC_014483:carA,3405621,3406758,-1	argF,4783620,4784577,-1	argD,4784625,4785888,-1	argB,4785941,4786781,-1	argJ,4786899,4788126,-1	argC,4788229,4789279,-1	
