fusA,a	rpoB,b	rpoC,c	rpsG,d	rpsL,e	tufA,f	ybxF,g	
NC_011999:tufA,1994086,1995274,-1	fusA,1995418,1997500,-1	rpsG,1997608,1998079,-1	rpsL,1998188,1998608,-1	rpoC,1999354,2002966,-1	rpoB,2003069,2006612,-1	
NC_007350:tufA,2265095,2266283,-1	fusA,2266501,2268592,-1	rpsG,2268711,2269182,-1	rpsL,2269252,2269666,-1	rpoC,2270171,2273795,-1	rpoB,2273934,2277486,-1	
NC_018065:rpoB,238586,242132,1	rpoC,242279,245960,1	ybxF,246143,246395,1	rpsL,246495,246915,1	rpsG,246956,247427,1	fusA,247508,249587,1	tufA,249721,250909,1	
NC_013791:rpoB,124125,127668,1	rpoC,127819,131440,1	ybxF,131528,131777,1	rpsL,131887,132307,1	rpsG,132348,132819,1	fusA,132870,134949,1	tufA,135076,136267,1	
NC_004193:rpoB,128939,132479,1	rpoC,132589,136201,1	rpsL,136579,136993,1	rpsG,137031,137502,1	fusA,137540,139619,1	tufA,139728,140916,1	
NC_018704:rpoB,126087,129621,1	rpoC,129720,133347,1	ybxF,133486,133753,1	rpsL,133860,134274,1	rpsG,134311,134782,1	fusA,134872,136951,1	tufA,137079,138270,1	
NC_009848:rpoB,96713,100304,1	rpoC,100365,103965,1	ybxF,104110,104359,1	rpsL,104471,104891,1	rpsG,105011,105482,1	fusA,105536,107615,1	tufA,107733,108924,1	
NC_017668:rpoB,131298,134826,1	rpoC,134900,138509,1	ybxF,138653,138905,1	rpsL,139002,139416,1	rpsG,139468,139939,1	fusA,139981,142060,1	tufA,142193,143384,1	
NC_002570:rpoB,155662,159205,1	rpoC,159294,162915,1	ybxF,163021,163270,1	rpsL,163386,163806,1	rpsG,163852,164323,1	fusA,164432,166511,1	tufA,166635,167826,1	
NC_002976:rpoB,185928,189480,1	rpoC,189611,193235,1	rpsL,193913,194327,1	rpsG,194397,194868,1	fusA,194987,197069,1	tufA,197287,198472,1	
NC_014829:rpoB,136825,140365,1	rpoC,140401,144016,1	ybxF,144130,144379,1	rpsL,144490,144904,1	rpsG,144965,145436,1	fusA,145578,147657,1	tufA,147783,148974,1	
NC_015634:rpoB,117277,120697,1	rpoC,120829,124423,1	ybxF,124583,124832,1	rpsL,125084,125348,1	rpsG,125384,125855,1	fusA,126312,127983,1	tufA,128107,129295,1	
NC_010184:rpoB,113958,117492,1	rpoC,117529,121141,1	ybxF,121254,121503,1	rpsL,121617,122040,1	rpsG,122069,122540,1	fusA,122746,124825,1	tufA,124942,126133,1	
NC_014219:rpoB,125726,129272,1	rpoC,129403,133009,1	ybxF,133094,133343,1	rpsL,133450,133864,1	rpsG,133924,134395,1	fusA,134493,136572,1	tufA,136695,137886,1	
NC_006510:rpoB,115137,118710,1	rpoC,118802,122402,1	ybxF,122536,122785,1	rpsL,122881,123304,1	rpsG,123343,123814,1	fusA,123994,126073,1	tufA,126201,127389,1	
NC_022524:rpoB,128384,131804,1	rpoC,131915,135515,1	ybxF,135715,135964,1	rpsL,136066,136489,1	rpsG,136536,137007,1	fusA,137058,139137,1	tufA,139255,140443,1	
NC_014098:rpoB,141049,144577,1	rpoC,144610,148261,1	ybxF,148346,148607,1	rpsL,148715,149132,1	rpsG,149164,149635,1	fusA,149732,151808,1	tufA,151847,153038,1	
NC_012673:tufA,1576951,1578139,-1	fusA,1578252,1580331,-1	rpsG,1580443,1580911,-1	rpsL,1580959,1581382,-1	rpoC,1581672,1585272,-1	rpoB,1585294,1588843,-1	
NC_012491:rpoB,221484,225024,1	rpoC,225053,228680,1	ybxF,228818,229073,1	rpsL,229196,229631,1	rpsG,229687,230158,1	fusA,230227,232306,1	tufA,232426,233617,1	
NC_012914:tufA,6505147,6506338,-1	fusA,6506454,6508530,-1	rpsG,6508583,6509054,-1	rpsL,6509118,6509538,-1	rpoC,6510175,6513802,-1	rpoB,6513897,6517461,-1	
NC_014019:rpoB,115892,119456,1	rpoC,119518,123112,1	ybxF,123243,123492,1	rpsL,123591,124014,1	rpsG,124064,124535,1	fusA,124592,126671,1	tufA,126787,127978,1	
NC_013893:tufA,2406892,2408077,-1	fusA,2408295,2410377,-1	rpsG,2410496,2410967,-1	rpsL,2411037,2411451,-1	rpoC,2412062,2415686,-1	rpoB,2415844,2419399,-1	
NC_013891:rpoB,257585,261140,1	rpoC,261313,264919,1	tufA,2620441,2621629,-1	fusA,2621738,2623826,-1	rpsG,2623891,2624362,-1	rpsL,2624392,2624806,-1	
NC_012121:rpoB,205324,208876,1	rpoC,209057,212696,1	rpsL,213752,214166,1	rpsG,214236,214707,1	fusA,214820,216902,1	tufA,217091,218279,1	
NC_023134:tufA,3767674,3768865,-1	fusA,3768901,3770977,-1	rpsG,3771009,3771480,-1	rpsL,3771527,3772091,-1	ybxF,3772112,3772364,-1	rpoC,3772529,3776150,-1	rpoB,3776254,3779797,-1	
NC_016935:fusA,1119851,1121435,1	tufA,8289041,8290232,-1	rpsG,8292386,8292857,-1	rpsL,8292902,8293322,-1	ybxF,8293439,8293691,-1	rpoC,8293840,8297461,-1	rpoB,8297578,8301043,-1	
NC_011567:rpoB,108076,111646,1	rpoC,111695,115295,1	ybxF,115420,115669,1	rpsL,115728,116193,1	rpsG,116237,116708,1	fusA,116842,118921,1	tufA,119050,120238,1	
NC_006582:rpoB,169970,173513,1	rpoC,173806,177427,1	ybxF,177527,177776,1	rpsL,177875,178295,1	rpsG,178338,178809,1	fusA,178847,180926,1	tufA,181047,182238,1	
NC_010382:tufA,4464908,4466096,-1	fusA,4466232,4468311,-1	rpsG,4468391,4468829,-1	rpsL,4469009,4469429,-1	ybxF,4469527,4469782,-1	rpoC,4469914,4473571,-1	rpoB,4473800,4477376,-1	
NC_000964:rpoB,121918,125500,1	rpoC,125561,129161,1	ybxF,129339,129588,1	rpsL,129701,130118,1	rpsG,130159,130630,1	fusA,130683,132762,1	tufA,132881,134072,1	
NC_018665:rpoB,112246,115813,1	rpoC,115860,119433,1	rpsL,119890,120313,1	rpsG,120362,120833,1	fusA,120957,123036,1	tufA,123153,124341,1	
NC_013205:tufA,2777436,2778624,-1	fusA,2778637,2780713,-1	rpsG,2780740,2781211,-1	rpsL,2781283,2781697,-1	ybxF,2781809,2782067,-1	rpoC,2782191,2785830,-1	rpoB,2785878,2789409,-1	
NC_014483:tufA,4656891,4658082,-1	fusA,4658176,4660255,-1	rpsG,4660302,4660773,-1	rpsL,4660824,4661247,-1	ybxF,4661391,4661643,-1	rpoC,4661860,4665475,-1	rpoB,4665615,4669179,-1	
