hisA,a	hisB,b	hisD,c	hisF,d	hisG,e	hisH,f	hisI,g	hisZ,h	
NC_011999:
NC_007350:hisI,459704,460337,-1	hisF,460333,461092,-1	hisA,461088,461793,-1	hisH,461767,462364,-1	hisB,462360,462939,-1	hisD,463907,465179,-1	hisG,465165,465783,-1	hisZ,1176062,1177325,1	
NC_018065:hisZ,809281,810442,1	hisG,810446,811070,1	hisD,811084,812365,1	hisB,812364,812958,1	hisH,812954,813575,1	hisF,813568,814327,1	hisI,814323,814941,1	
NC_013791:hisI,3325706,3326339,-1	hisF,3326335,3327094,-1	hisA,3327100,3327829,-1	hisH,3327821,3328463,-1	hisB,3328463,3329048,-1	hisD,3329050,3330322,-1	hisG,3330318,3330957,-1	hisZ,3330958,3332140,-1	
NC_004193:hisI,579370,580018,-1	hisF,580014,580779,-1	hisA,580768,581491,-1	hisH,581487,582093,-1	hisB,582105,582690,-1	hisD,582682,583966,-1	hisG,583971,584598,-1	hisZ,584603,585821,-1	
NC_018704:hisI,1378445,1379099,-1	hisF,1379082,1379847,-1	hisA,1379837,1380551,-1	hisB,1380590,1381181,-1	hisD,1381194,1382481,-1	hisG,1382481,1383099,-1	hisZ,1383095,1384202,-1	
NC_009848:hisI,3097624,3098254,-1	hisF,3098250,3099009,-1	hisA,3099005,3099743,-1	hisH,3099739,3100378,-1	hisB,3100377,3100962,-1	hisD,3100958,3102248,-1	hisG,3102244,3102886,-1	hisZ,3102878,3104054,-1	
NC_017668:hisI,2967367,2967991,-1	hisF,2967987,2968746,-1	hisA,2968745,2969477,-1	hisH,2969490,2970120,-1	hisB,2970120,2970714,-1	hisD,2970710,2971985,-1	hisG,2971984,2972620,-1	hisZ,2972612,2973797,-1	
NC_002570:hisI,3680005,3680641,-1	hisF,3680637,3681396,-1	hisA,3681395,3682130,-1	hisH,3682122,3682767,-1	hisB,3682767,3683352,-1	hisD,3683348,3684623,-1	hisG,3684619,3685258,-1	hisZ,3685254,3686448,-1	
NC_002976:hisZ,1229866,1231141,-1	hisI,2341208,2341844,-1	hisF,2341840,2342599,-1	hisA,2342595,2343300,-1	hisH,2343292,2343871,-1	hisB,2343867,2344446,-1	hisD,2344561,2345806,-1	hisG,2345798,2346413,-1	
NC_014829:hisI,3780970,3781618,-1	hisF,3781614,3782373,-1	hisA,3782366,3783104,-1	hisH,3783103,3783739,-1	hisB,3783735,3784329,-1	hisD,3784689,3785961,-1	hisG,3785962,3786619,-1	hisZ,3786615,3787806,-1	
NC_015634:hisZ,1353461,1354586,1	hisG,1354582,1355203,1	hisD,1355199,1356483,1	hisB,1356488,1357076,1	hisH,1357072,1357684,1	hisA,1357680,1358385,1	hisF,1358381,1359143,1	hisI,1359201,1359798,1	
NC_010184:hisZ,1386834,1388097,1	hisG,1388072,1388708,1	hisD,1388719,1390009,1	hisB,1390008,1390593,1	hisH,1390593,1391223,1	hisA,1391195,1391915,1	hisF,1391908,1392667,1	hisI,1392663,1392969,1	hisI,1392979,1393303,1	
NC_014219:hisZ,1269099,1270287,1	hisG,1270286,1270940,1	hisD,1270936,1272211,1	hisB,1272207,1272801,1	hisH,1272797,1273418,1	hisA,1273417,1274161,1	hisF,1274154,1274913,1	hisI,1274909,1275554,1	
NC_006510:hisI,3091041,3091689,-1	hisF,3091685,3092444,-1	hisA,3092440,3093178,-1	hisH,3093177,3093813,-1	hisB,3094043,3094631,-1	hisD,3094634,3095909,-1	hisG,3096259,3096883,-1	hisZ,3097061,3098246,-1	
NC_022524:hisI,3979310,3979946,-1	hisF,3979942,3980701,-1	hisA,3980700,3981432,-1	hisH,3981428,3982067,-1	hisB,3982068,3982656,-1	hisD,3982656,3983937,-1	hisG,3983964,3984606,-1	hisZ,3984602,3985787,-1	
NC_014098:hisI,2176279,2176972,-1	hisF,2176968,2177730,-1	hisA,2177723,2178569,-1	hisH,2178565,2179192,-1	hisB,2179194,2179779,-1	hisD,2179762,2181058,-1	hisG,2181051,2181687,-1	hisZ,2181683,2182937,-1	
NC_012673:hisZ,62006,62930,1	hisG,62926,63535,1	hisD,63531,64749,1	hisB,65748,66336,1	hisH,66332,66920,1	hisA,66897,67611,1	hisF,67603,68371,1	hisI,68319,68652,1	hisI,68648,68957,1	
NC_012491:hisI,5579322,5579967,-1	hisF,5579963,5580722,-1	hisA,5580711,5581461,-1	hisH,5581457,5582072,-1	hisB,5582073,5582673,-1	hisD,5582669,5583968,-1	hisG,5583987,5584635,-1	hisZ,5584638,5585814,-1	
NC_012914:hisZ,174229,175453,1	hisG,175449,176094,1	hisD,176139,177429,1	hisB,177470,178067,1	hisH,178068,178692,1	hisF,178740,179499,1	hisI,179495,180197,1	
NC_014019:hisI,4866867,4867491,-1	hisF,4867487,4868246,-1	hisA,4868245,4868980,-1	hisH,4868966,4869614,-1	hisB,4869614,4870199,-1	hisD,4870274,4871543,-1	hisG,4871558,4872191,-1	hisZ,4872190,4873372,-1	
NC_013893:
NC_013891:hisI,499567,499879,-1	hisI,499879,500197,-1	hisF,500193,500949,-1	hisA,500938,501661,-1	hisH,501633,502266,-1	hisB,502266,502851,-1	hisD,502851,504135,-1	hisG,504131,504773,-1	hisZ,504769,505951,-1	
NC_012121:hisI,635574,636204,-1	hisF,636194,636959,-1	hisA,636955,637660,-1	hisH,637652,638234,-1	hisB,638230,638812,-1	hisD,639790,641050,-1	hisG,641039,641657,-1	hisZ,1251632,1252919,-1	
NC_023134:hisZ,242650,243877,1	hisG,243869,244505,1	hisD,244527,245814,1	hisB,245810,246410,1	hisH,246413,247019,1	hisA,247147,247882,1	hisF,247947,248727,1	hisI,248723,249452,1	
NC_016935:hisZ,193250,194429,1	hisG,194443,195091,1	hisD,195242,196535,1	hisB,196524,197136,1	hisH,197139,197766,1	hisF,197807,198566,1	hisI,198562,199270,1	
NC_011567:hisI,2506710,2507334,-1	hisF,2507330,2508089,-1	hisA,2508085,2508814,-1	hisH,2508813,2509446,-1	hisB,2509446,2510031,-1	hisD,2510030,2511308,-1	hisG,2511297,2511939,-1	hisZ,2511932,2513117,-1	
NC_006582:hisI,3163975,3164596,-1	hisF,3164592,3165351,-1	hisA,3165350,3166073,-1	hisH,3166074,3166698,-1	hisB,3166697,3167285,-1	hisD,3167284,3168562,-1	hisG,3168548,3169190,-1	hisZ,3169186,3170368,-1	
NC_010382:hisZ,457916,459074,1	hisG,459066,459711,1	hisD,459743,461018,1	hisB,461022,461622,1	hisH,461618,462251,1	hisF,462244,463006,1	hisI,463002,463620,1	
NC_000964:hisI,3582935,3583565,-1	hisF,3583561,3584320,-1	hisA,3584316,3585054,-1	hisH,3585050,3585689,-1	hisB,3585689,3586274,-1	hisD,3586270,3587554,-1	hisG,3587550,3588192,-1	hisZ,3588184,3589360,-1	
NC_018665:hisZ,1883339,1884620,-1	hisI,2162649,2162973,-1	hisF,2162969,2163719,-1	hisA,2163712,2164417,-1	hisH,2164389,2164977,-1	hisB,2164973,2165555,-1	hisD,2166498,2167716,-1	hisG,2167715,2168324,-1	
NC_013205:hisZ,1002255,1003368,1	hisG,1003361,1004003,1	hisD,1003992,1005273,1	hisB,1005269,1005875,1	hisH,1005871,1006534,1	hisA,1006530,1007289,1	hisF,1007282,1008053,1	hisI,1008049,1008820,1	
NC_014483:hisZ,198136,199342,1	hisG,199338,199983,1	hisD,200046,201360,1	hisB,201343,201952,1	hisH,201955,202585,1	hisA,202680,203412,1	hisF,203423,204182,1	hisI,204178,204919,1	
