menB,a	menC,b	menD,c	menE,d	menF,e	ytxM,f	
NC_011999:menC,1627531,1628494,-1	menE,1628477,1629869,-1	menB,1630030,1630849,-1	ytxM,1630841,1631630,-1	menD,1631616,1633269,-1	menF,1633261,1634545,-1	
NC_007350:menE,1005178,1006684,1	menC,1006703,1007708,1	menB,1818176,1818995,-1	ytxM,1818987,1819794,-1	menD,1819780,1821463,-1	menF,1821455,1822808,-1	
NC_018065:menC,409786,410896,1	menF,1197494,1198877,1	menD,1198869,1200603,1	ytxM,1200584,1201397,1	menB,1201418,1202243,1	menE,1202321,1203758,1	
NC_013791:menF,89303,90770,1	menF,89303,90770,1	menC,895592,896705,-1	menB,1139896,1140703,1	ytxM,3076182,3077070,-1	
NC_004193:menE,2372096,2373539,-1	menB,2373624,2374443,-1	ytxM,2374469,2375273,-1	menD,2375273,2377013,-1	menF,2377016,2378402,-1	menC,2782721,2783831,1	
NC_018704:
NC_009848:menC,2720712,2721837,-1	menE,2721823,2723284,-1	menB,2723355,2724174,-1	ytxM,2724188,2725013,-1	menD,2724997,2726740,-1	menF,2726732,2728151,-1	
NC_017668:menC,2823169,2824273,-1	menE,2824262,2825741,-1	menB,2825842,2826661,-1	ytxM,2826727,2827522,-1	menD,2827515,2829258,-1	menF,2829257,2830649,-1	
NC_002570:menF,109551,111012,1	menB,223361,224141,-1	menF,1733135,1734644,1	menC,3124773,3125853,1	
NC_002976:menF,619532,620903,1	menD,620889,622563,1	ytxM,622549,623353,1	menB,623345,624164,1	menC,1413266,1414268,-1	menE,1414257,1415682,-1	
NC_014829:
NC_015634:menC,2110383,2111487,-1	menE,2111483,2112938,-1	menB,2113567,2114386,-1	ytxM,2114426,2115230,-1	menD,2115226,2116858,-1	menF,2116973,2118305,-1	
NC_010184:menC,4667188,4668295,-1	menE,4668295,4669741,-1	menB,4669985,4670804,-1	ytxM,4670872,4671685,-1	menD,4671681,4673436,-1	menF,4673432,4674827,-1	
NC_014219:menF,80966,82388,1	menF,80966,82388,1	menB,1592848,1593631,1	
NC_006510:menC,949469,950597,1	menE,2896894,2898367,-1	menB,2898482,2899301,-1	ytxM,2899301,2900114,-1	menD,2900125,2901859,-1	menF,2901851,2903228,-1	
NC_022524:menC,3760549,3761659,-1	menE,3761655,3763143,-1	menB,3763236,3764055,-1	ytxM,3764071,3764881,-1	menD,3764883,3766632,-1	menF,3766628,3768035,-1	
NC_014098:ytxM,308180,308927,-1	menF,1923958,1925416,-1	menB,2133420,2134209,1	menE,2134293,2135856,1	
NC_012673:menC,2322045,2323116,-1	menE,2323112,2324471,-1	menB,2324520,2325345,-1	ytxM,2325346,2326126,-1	menD,2326122,2327772,-1	menF,2327764,2329153,-1	
NC_012491:ytxM,1901352,1902144,1	menF,2547589,2549104,1	menB,2979686,2980457,1	menE,2980477,2982049,1	menC,4360587,4361700,-1	
NC_012914:
NC_014019:menC,4711595,4712699,-1	menE,4712702,4714166,-1	menB,4714248,4715067,-1	ytxM,4715083,4715893,-1	menD,4715896,4717651,-1	menF,4717637,4719059,-1	
NC_013893:menE,1171897,1173292,1	menC,1173298,1174303,1	menB,1901303,1902122,-1	ytxM,1902114,1902918,-1	menD,1902904,1904575,-1	menF,1904564,1905926,-1	
NC_013891:menE,1672043,1673444,-1	menB,1673459,1674278,-1	ytxM,1674274,1675105,-1	menD,1675106,1676849,-1	menF,1676845,1678234,-1	menC,2493457,2494582,-1	
NC_012121:menF,651605,652958,1	menD,652950,654618,1	ytxM,654610,655426,1	menB,655418,656237,1	menC,1410128,1411136,-1	menE,1411139,1412528,-1	
NC_023134:menB,969951,970785,1	menF,1509942,1511169,1	menE,1511188,1512814,1	ytxM,3074403,3075189,1	
NC_016935:menE,533610,535767,-1	ytxM,4472254,4473091,1	menC,6992368,6993538,-1	menF,8335694,8337245,-1	
NC_011567:menF,418734,420090,1	menD,420080,421826,1	ytxM,421822,422650,1	menB,422639,423458,1	menE,423476,424943,1	menC,1328390,1329533,1	
NC_006582:menF,128806,130240,1	menB,1634334,1635123,1	menF,2011766,2013263,1	menC,3133387,3134557,-1	ytxM,3564081,3564993,1	
NC_010382:menE,4152540,4153530,-1	menB,4154128,4154947,-1	ytxM,4155010,4155820,-1	menD,4155816,4157532,-1	menF,4157524,4158208,-1	menF,4158403,4158841,-1	menC,4245548,4246664,-1	
NC_000964:menC,3146237,3147353,-1	menE,3147349,3148810,-1	menB,3148900,3149716,-1	ytxM,3149750,3150575,-1	menD,3150562,3152305,-1	menF,3152301,3153717,-1	
NC_018665:menC,617383,618457,-1	menE,618453,619827,-1	menB,619899,620724,-1	ytxM,620720,621518,-1	menD,621514,623161,-1	menF,623150,624530,-1	
NC_013205:menC,467745,468879,1	ytxM,1964605,1965442,-1	menD,1965438,1967127,-1	menF,1967123,1968479,-1	menE,1968475,1970008,-1	menB,1970066,1970885,-1	
NC_014483:menF,69785,71408,1	menF,3004095,3005646,-1	ytxM,4500686,4501460,1	
