spoVAA,a	spoVAB,b	spoVAC,c	spoVAD,d	spoVAEA,e	spoVAEB,f	
NC_011999:
NC_007350:
NC_018065:spoVAEB,3284971,3285346,-1	spoVAD,3285342,3286338,-1	spoVAC,3286331,3286787,-1	
NC_013791:spoVAA,1381039,1381684,1	spoVAB,1381688,1382102,1	spoVAC,1382115,1382571,1	spoVAD,1382584,1383595,1	spoVAEB,1383594,1383945,1	spoVAEA,1383949,1384543,1	
NC_004193:spoVAEB,1427506,1427857,-1	spoVAD,1427853,1428870,-1	spoVAC,1428869,1429349,-1	spoVAB,1869112,1869541,-1	spoVAA,1869518,1870136,-1	
NC_018704:spoVAC,1680001,1680463,1	spoVAD,1680459,1681470,1	spoVAEB,1681471,1681822,1	
NC_009848:spoVAEA,2110144,2110753,-1	spoVAEB,2110759,2111110,-1	spoVAD,2111109,2112126,-1	spoVAC,2112138,2112591,-1	spoVAB,2112610,2113027,-1	spoVAA,2113016,2113637,-1	
NC_017668:spoVAEB,2323850,2324201,-1	spoVAD,2324197,2325214,-1	spoVAC,2325226,2325685,-1	spoVAB,2325714,2326125,-1	spoVAA,2326111,2326729,-1	
NC_002570:spoVAC,1615276,1615732,1	spoVAD,1615754,1616762,1	spoVAEB,1616765,1617116,1	spoVAEA,1617121,1617688,1	
NC_002976:
NC_014829:spoVAC,961840,962314,1	spoVAD,962314,963316,1	spoVAA,1984872,1985484,1	spoVAB,1985476,1985893,1	spoVAEA,1985935,1986517,1	spoVAEB,2002709,2003060,1	
NC_015634:spoVAC,918986,919463,1	spoVAD,919462,920473,1	spoVAEB,921034,921391,1	spoVAEA,1652251,1652824,-1	spoVAB,1652840,1652996,-1	spoVAA,1653252,1653699,-1	
NC_010184:spoVAEA,3935578,3936148,-1	spoVAEB,3936153,3936504,-1	spoVAD,3936507,3937524,-1	spoVAC,3937537,3937996,-1	spoVAB,3938008,3938425,-1	spoVAA,3938417,3939038,-1	
NC_014219:
NC_006510:spoVAEA,2334749,2335361,-1	spoVAEB,2335366,2335717,-1	spoVAD,2335756,2336785,-1	spoVAC,2336803,2337232,-1	spoVAB,2337249,2337681,-1	spoVAA,2337667,2338291,-1	
NC_022524:spoVAC,1410870,1411338,1	spoVAD,1411338,1412355,1	spoVAEB,1412389,1412746,1	spoVAEA,3181853,3182429,-1	spoVAB,3182457,3182877,-1	spoVAA,3182866,3183487,-1	
NC_014098:spoVAEB,1840593,1840944,-1	spoVAD,1841006,1842029,-1	spoVAC,1842123,1842597,-1	spoVAB,1842667,1843099,-1	spoVAA,1843079,1843745,-1	
NC_012673:
NC_012491:spoVAA,2478851,2479466,1	spoVAB,2479462,2479882,1	spoVAC,2479999,2480449,1	spoVAD,2480480,2481488,1	spoVAEB,2481487,2481838,1	spoVAEA,2481867,2482452,1	
NC_012914:spoVAA,2721130,2721781,1	spoVAB,2721767,2722202,1	spoVAEB,4573175,4573526,-1	spoVAD,4573532,4574546,-1	spoVAC,4574547,4575042,-1	spoVAEB,4575186,4575537,-1	spoVAD,4575533,4576553,-1	spoVAC,4576555,4577044,-1	
NC_014019:spoVAEA,4228141,4228708,-1	spoVAEB,4228714,4229065,-1	spoVAD,4229052,4230084,-1	spoVAC,4230097,4230559,-1	spoVAB,4230577,4230982,-1	spoVAA,4230989,4231610,-1	
NC_013893:
NC_013891:
NC_012121:
NC_023134:spoVAC,989471,989963,1	spoVAD,989965,990979,1	spoVAEB,990985,991342,1	spoVAA,1234357,1235002,1	spoVAB,1235036,1235414,1	
NC_016935:spoVAA,3402391,3403039,1	spoVAB,3403035,3403461,1	spoVAEB,6658012,6658390,-1	spoVAD,6658382,6659405,-1	spoVAC,6659408,6659888,-1	
NC_011567:spoVAA,1009783,1010404,1	spoVAB,1010390,1010813,1	spoVAC,1010802,1011168,1	spoVAD,1011176,1012187,1	spoVAEA,1012506,1013109,1	spoVAEB,2065379,2065736,-1	spoVAD,2065732,2066764,-1	spoVAC,2066745,2067228,-1	
NC_006582:spoVAC,1913249,1913723,1	spoVAD,1913737,1914742,1	spoVAEB,1914745,1915102,1	spoVAEA,1915098,1915686,1	
NC_010382:spoVAC,1320809,1321265,1	spoVAD,1321258,1322254,1	spoVAEB,1322270,1322630,1	
NC_000964:spoVAEA,2439803,2440415,-1	spoVAEB,2440422,2440773,-1	spoVAD,2440774,2441791,-1	spoVAC,2441803,2442256,-1	spoVAB,2442268,2442694,-1	spoVAA,2442683,2443304,-1	
NC_018665:
NC_013205:spoVAEA,1802209,1802848,-1	spoVAEB,1802862,1803222,-1	spoVAD,1803223,1804249,-1	spoVAC,1804264,1804723,-1	
NC_014483:spoVAB,3061604,3062027,-1	spoVAA,3062023,3062677,-1	spoVAEB,3566189,3566546,-1	spoVAD,3566542,3567565,-1	spoVAC,3567561,3568071,-1	
