aroE,a	nadD,b	yqeG,c	yqeH,d	yqeI,e	yqeK,f	yqeL,g	yqeM,h	
NC_011999:yqeM,1344904,1345624,-1	yqeL,1345623,1345986,-1	yqeK,1345989,1346556,-1	nadD,1346533,1347112,-1	aroE,1347398,1348202,-1	yqeH,1348212,1349403,-1	yqeG,1349571,1349964,-1	
NC_007350:yqeG,1206723,1207251,1	yqeH,1207251,1208358,1	aroE,1208370,1209168,1	yqeI,1209182,1209473,1	nadD,1209472,1210045,1	yqeK,1210034,1210619,1	yqeL,1210619,1210973,1	yqeM,1210975,1211692,1	
NC_018065:yqeM,332564,333278,1	yqeG,1613352,1613868,1	yqeH,1613924,1615028,1	aroE,1615105,1615948,1	yqeI,1615934,1616240,1	nadD,1616251,1616845,1	yqeK,1616813,1617374,1	yqeL,1617380,1617734,1	
NC_013791:yqeG,1073181,1073697,1	yqeH,1073699,1074812,1	aroE,1074834,1075671,1	yqeI,1075676,1075967,1	nadD,1075996,1076584,1	yqeK,1076558,1077134,1	yqeL,1077130,1077484,1	yqeM,1078346,1079099,1	
NC_004193:yqeM,2010607,2011360,-1	yqeL,2011363,2011720,-1	yqeK,2011720,2012293,-1	nadD,2012273,2012849,-1	yqeI,2012873,2013164,-1	aroE,2013166,2013997,-1	yqeH,2014016,2015117,-1	yqeG,2015119,2015635,-1	
NC_018704:yqeG,1131633,1132149,1	yqeH,1132136,1133246,1	aroE,1133262,1134093,1	yqeI,1134112,1134403,1	nadD,1134413,1134992,1	yqeK,1134969,1135545,1	yqeL,1135541,1135907,1	yqeM,1135903,1136662,1	
NC_009848:yqeM,2310524,2311268,-1	yqeL,2311264,2311621,-1	yqeK,2311633,2312197,-1	nadD,2312186,2312756,-1	yqeI,2312769,2313060,-1	aroE,2313053,2313896,-1	yqeH,2313917,2315018,-1	yqeG,2315020,2315371,-1	
NC_017668:yqeM,2551344,2552082,-1	yqeL,2552086,2552440,-1	yqeK,2552481,2553042,-1	nadD,2553022,2553598,-1	yqeI,2553610,2553901,-1	aroE,2553902,2554739,-1	yqeH,2554750,2555851,-1	yqeG,2555850,2556375,-1	
NC_002570:yqeG,1409794,1410310,1	yqeH,1410312,1411416,1	aroE,1411429,1412266,1	yqeI,1412272,1412563,1	nadD,1412581,1413205,1	yqeK,1413158,1413722,1	yqeL,1413741,1414095,1	yqeM,1414963,1415707,1	
NC_002976:yqeM,1196339,1197059,-1	yqeL,1197061,1197415,-1	yqeK,1197415,1198000,-1	nadD,1197986,1198562,-1	yqeI,1198558,1198852,-1	aroE,1198851,1199661,-1	yqeH,1199676,1200777,-1	yqeG,1200777,1201305,-1	
NC_014829:yqeH,1761829,1762948,1	aroE,1763046,1763892,1	yqeI,1763885,1764179,1	nadD,1764189,1764756,1	yqeK,1764748,1765321,1	yqeL,1765328,1765685,1	yqeM,1765705,1766437,1	yqeG,2576924,2577407,1	
NC_015634:yqeM,1791205,1791952,-1	yqeL,1791948,1792302,-1	yqeK,1792302,1792872,-1	nadD,1792861,1793431,-1	yqeI,1793442,1793733,-1	aroE,1793726,1794569,-1	yqeH,1794602,1795709,-1	yqeG,1795711,1796230,-1	
NC_010184:yqeM,4181758,4182508,-1	yqeL,4182504,4182861,-1	yqeK,4182857,4183427,-1	nadD,4183416,4183986,-1	yqeI,4184121,4184415,-1	aroE,4184419,4185253,-1	yqeH,4185268,4186375,-1	yqeG,4186378,4186891,-1	
NC_014219:yqeM,2599768,2600497,-1	yqeL,2600511,2600874,-1	yqeK,2600884,2601463,-1	nadD,2601455,2602031,-1	yqeI,2602043,2602337,-1	aroE,2602339,2603173,-1	yqeH,2603250,2604372,-1	yqeG,2604341,2604875,-1	
NC_006510:yqeM,2538855,2539599,-1	yqeL,2539595,2539952,-1	yqeK,2539948,2540527,-1	nadD,2540435,2541086,-1	yqeI,2541125,2541419,-1	aroE,2541422,2542253,-1	yqeH,2542275,2543385,-1	yqeG,2543387,2543903,-1	
NC_022524:yqeM,3389749,3390496,-1	yqeL,3390492,3390849,-1	yqeK,3390849,3391419,-1	nadD,3391408,3391978,-1	yqeI,3392023,3392314,-1	aroE,3392307,3393147,-1	yqeH,3393165,3394269,-1	yqeG,3394272,3394815,-1	
NC_014098:yqeG,1209919,1210456,1	yqeH,1210452,1211544,1	aroE,1211896,1212769,1	nadD,1212765,1213377,1	yqeK,1213373,1213949,1	yqeL,1213987,1214338,1	
NC_012673:yqeG,2479800,2480427,1	yqeH,2480560,2481673,1	aroE,2481669,2482455,1	yqeI,2482461,2482758,1	nadD,2482754,2483324,1	yqeK,2483313,2483871,1	yqeL,2483881,2484229,1	yqeM,2484228,2484954,1	
NC_012491:yqeG,2071957,2072482,1	yqeH,2072478,2073600,1	aroE,2073675,2074527,1	yqeI,2074556,2074847,1	nadD,2074861,2075455,1	yqeK,2075438,2076029,1	yqeL,2076028,2076385,1	yqeM,2076391,2077141,1	
NC_012914:yqeM,4559449,4560211,-1	yqeL,4561150,4561498,-1	yqeK,4561501,4562074,-1	nadD,4562063,4562654,-1	yqeI,4562684,4562996,-1	aroE,4563045,4563927,-1	yqeH,4563947,4565072,-1	yqeG,4565068,4565593,-1	
NC_014019:yqeM,4406339,4407098,-1	yqeL,4407094,4407448,-1	yqeK,4407440,4408013,-1	nadD,4407999,4408572,-1	yqeI,4408632,4408932,-1	aroE,4408950,4409790,-1	yqeH,4409809,4410916,-1	yqeG,4410919,4411432,-1	
NC_013893:yqeG,1360093,1360621,1	yqeH,1360621,1361722,1	aroE,1361734,1362550,1	yqeI,1362543,1362834,1	nadD,1362834,1363407,1	yqeK,1363396,1363981,1	yqeL,1363981,1364335,1	yqeM,1364335,1365061,1	
NC_013891:yqeM,1431532,1432264,-1	yqeL,1432321,1432678,-1	yqeK,1432682,1433258,-1	nadD,1433244,1433811,-1	yqeI,1433828,1434119,-1	aroE,1434118,1434994,-1	yqeH,1434959,1436060,-1	yqeG,1436056,1436578,-1	
NC_012121:yqeM,1225336,1226053,-1	yqeL,1226055,1226406,-1	yqeK,1226406,1226991,-1	nadD,1226980,1227604,-1	yqeI,1227554,1227845,-1	aroE,1227845,1228655,-1	yqeH,1228664,1229765,-1	yqeG,1229765,1230293,-1	
NC_023134:yqeG,996114,996612,1	yqeH,996720,997833,1	aroE,997874,998735,1	yqeI,998748,999039,1	nadD,999088,999694,1	yqeK,999719,1000259,1	yqeL,1000378,1000663,1	yqeM,1001554,1002349,1	
NC_016935:yqeM,6645283,6646072,-1	yqeL,6647051,6647396,-1	yqeK,6647496,6648078,-1	nadD,6648067,6648655,-1	yqeI,6648697,6648991,-1	aroE,6649015,6649924,-1	yqeH,6649997,6651104,-1	yqeG,6651114,6651609,-1	
NC_011567:yqeG,839683,840196,1	yqeH,840186,841305,1	aroE,841252,842152,1	yqeI,842145,842439,1	nadD,842407,843016,1	yqeK,843005,843581,1	yqeL,843577,843934,1	yqeM,843930,844671,1	
NC_006582:yqeG,1767566,1768088,1	yqeH,1768084,1769203,1	aroE,1769226,1770054,1	yqeI,1770072,1770369,1	nadD,1770387,1770966,1	yqeK,1770946,1771531,1	yqeL,1771523,1771877,1	yqeM,1772724,1773465,1	
NC_010382:yqeM,3728786,3728987,-1	yqeM,3728983,3729529,-1	yqeL,3729529,3729874,-1	yqeK,3729870,3730404,-1	nadD,3730411,3731002,-1	yqeI,3731011,3731314,-1	aroE,3731319,3732150,-1	yqeH,3732186,3733290,-1	yqeG,3733286,3733808,-1	
NC_000964:yqeM,2642100,2642844,-1	yqeL,2642840,2643197,-1	yqeK,2643214,2643775,-1	nadD,2643764,2644334,-1	yqeI,2644345,2644636,-1	aroE,2644629,2645472,-1	yqeH,2645489,2646590,-1	yqeG,2646593,2647112,-1	
NC_018665:yqeG,771583,772168,1	yqeH,772309,773416,1	aroE,773415,774204,1	yqeI,774205,774499,1	nadD,774495,775065,1	yqeK,775054,775630,1	yqeL,775626,775974,1	yqeM,775973,776702,1	
NC_013205:yqeM,2059382,2060105,-1	yqeL,2060107,2060461,-1	yqeK,2060490,2061078,-1	nadD,2061023,2061737,-1	aroE,2061729,2062581,-1	yqeH,2062577,2063768,-1	yqeG,2063760,2064309,-1	
NC_014483:yqeM,3555243,3556017,-1	yqeL,3556925,3557273,-1	yqeK,3557269,3557866,-1	nadD,3557849,3558440,-1	yqeI,3558457,3558754,-1	aroE,3558822,3559692,-1	yqeH,3559797,3560925,-1	yqeG,3560917,3561448,-1	
