hprK,a	hprP,b	lgt,c	yvoD,d	yvoF,e	
NC_011999:hprK,543422,544352,1	lgt,544353,545193,1	yvoF,545170,545644,1	
NC_007350:yvoF,2014215,2014692,-1	lgt,2014701,2015538,-1	hprK,2015534,2016476,-1	
NC_018065:hprK,802661,803600,1	lgt,803623,804496,1	hprP,804843,805485,1	yvoF,805487,806018,1	
NC_013791:yvoF,3332675,3333164,-1	hprP,3333163,3333829,-1	yvoD,3333818,3334769,-1	lgt,3334796,3335663,-1	hprK,3335697,3336636,-1	
NC_004193:yvoF,2535401,2535920,-1	hprP,2535912,2536557,-1	yvoD,2536531,2537491,-1	lgt,2537524,2538388,-1	hprK,2538402,2539335,-1	
NC_018704:hprK,717362,718316,1	lgt,718334,719162,1	hprP,719244,719886,1	yvoF,719886,720411,1	
NC_009848:yvoF,3107050,3107569,-1	hprP,3107570,3108221,-1	yvoD,3108217,3109162,-1	lgt,3109181,3110006,-1	hprK,3110017,3110950,-1	
NC_017668:yvoF,2984413,2984953,-1	hprP,2984956,2985595,-1	yvoD,2985569,2986526,-1	lgt,2986539,2987373,-1	hprK,2987387,2988320,-1	
NC_002570:yvoF,3688065,3688566,-1	hprP,3688562,3689210,-1	yvoD,3689199,3690153,-1	lgt,3690180,3691050,-1	hprK,3691069,3692002,-1	
NC_002976:hprK,432997,433930,1	lgt,433935,434775,1	yvoF,434780,435308,1	
NC_014829:yvoF,3820062,3820581,-1	hprP,3820653,3821313,-1	yvoD,3822124,3823084,-1	lgt,3823177,3824056,-1	hprK,3824170,3825109,-1	
NC_015634:hprK,795885,796722,1	lgt,796785,797601,1	hprP,797899,798355,1	yvoF,798351,798867,1	
NC_010184:yvoF,4914423,4914930,-1	hprP,4914983,4915631,-1	lgt,4915697,4916510,-1	hprK,4916534,4917464,-1	
NC_014219:hprK,1264833,1265772,1	lgt,1265796,1266657,1	yvoD,1266709,1267687,1	hprP,1267713,1268367,1	yvoF,1268388,1268910,1	
NC_006510:yvoF,3098793,3099291,-1	hprP,3099287,3099956,-1	yvoD,3099952,3100891,-1	lgt,3100990,3101803,-1	hprK,3101862,3102798,-1	
NC_022524:yvoF,3986173,3986707,-1	hprP,3986703,3987357,-1	yvoD,3987353,3988301,-1	lgt,3988334,3989153,-1	hprK,3989210,3990140,-1	
NC_014098:
NC_012673:yvoF,830467,830950,-1	hprP,830942,831593,-1	lgt,831592,832411,-1	hprK,832413,833349,-1	
NC_012491:lgt,3842590,3843388,1	yvoF,5585995,5586499,-1	hprK,5586514,5587450,-1	hprP,5876949,5877612,-1	
NC_012914:hprK,170832,171771,1	lgt,171826,172789,1	hprP,172819,173473,1	yvoF,173477,174005,1	
NC_014019:yvoF,4873555,4874083,-1	hprP,4874079,4874727,-1	lgt,4874787,4875621,-1	hprK,4875637,4876573,-1	
NC_013893:hprP,775277,775925,1	yvoF,2134878,2135358,-1	lgt,2135354,2136203,-1	hprK,2136206,2137142,-1	
NC_013891:yvoF,2451009,2451507,-1	hprP,2451510,2452164,-1	lgt,2452195,2453029,-1	hprK,2453117,2454056,-1	
NC_012121:hprK,422225,423167,1	lgt,423163,423991,1	yvoF,424005,424488,1	
NC_023134:hprK,239188,240124,1	lgt,240162,241170,1	hprP,241166,241829,1	yvoF,589087,589657,1	
NC_016935:hprK,189741,190683,1	lgt,190764,191814,1	hprP,191791,192445,1	yvoF,192441,192945,1	
NC_011567:yvoF,2513270,2513759,-1	hprP,2513755,2514403,-1	yvoD,2514392,2515349,-1	lgt,2515349,2516165,-1	hprK,2516173,2517133,-1	
NC_006582:yvoF,3170513,3170993,-1	hprP,3170989,3171631,-1	yvoD,3171620,3172574,-1	lgt,3172589,3173423,-1	hprK,3173443,3174376,-1	
NC_010382:hprK,454729,455581,1	lgt,455626,456448,1	hprP,456461,457103,1	yvoF,457108,457651,1	
NC_000964:yvoF,3591287,3591806,-1	hprP,3591809,3592460,-1	yvoD,3592456,3593395,-1	lgt,3593418,3594228,-1	hprK,3594241,3595174,-1	
NC_018665:yvoF,2206621,2207104,-1	hprP,2207087,2207744,-1	lgt,2207748,2208582,-1	hprK,2208581,2209517,-1	
NC_013205:
NC_014483:hprK,189810,190749,1	lgt,190792,191848,1	hprP,191844,192498,1	yvoF,192494,192989,1	
