amyC,a	amyD,b	melA,c	msmE,d	msmR,e	
NC_011999:msmE,370038,371331,1	amyD,371388,372255,1	amyC,372254,373067,1	msmR,373067,374078,1	
NC_007350:
NC_018065:amyD,562222,563140,1	amyC,563164,563968,1	msmR,1248211,1249210,1	
NC_013791:melA,989562,990903,1	msmR,2717927,2718974,-1	amyC,2719149,2720019,-1	amyD,2720018,2721311,-1	
NC_004193:melA,2316064,2317375,1	msmR,2613128,2614145,-1	amyC,2614198,2615038,-1	amyD,2615037,2616360,-1	
NC_018704:msmE,381000,382296,1	amyD,382416,383277,1	amyC,383276,384098,1	melA,1451789,1453097,1	msmR,1795465,1796491,-1	
NC_009848:melA,1794495,1795836,-1	amyC,1795869,1796700,-1	amyD,1796699,1797632,-1	msmE,1797662,1798919,-1	msmR,1799137,1800178,-1	
NC_017668:melA,486326,487676,1	melA,486326,487676,1	msmE,957937,959236,1	amyD,959330,960209,1	amyC,960223,961045,1	
NC_002570:amyC,2349979,2350810,-1	amyD,2350809,2351724,-1	msmE,2351784,2353059,-1	msmR,2353192,2354236,-1	melA,2354521,2355826,-1	
NC_002976:
NC_014829:amyD,754555,755473,1	amyC,755485,756331,1	msmR,756572,757583,1	melA,1642674,1643976,1	
NC_015634:amyC,545327,546155,-1	amyD,546167,547382,-1	msmR,685269,686256,1	
NC_010184:msmR,3882243,3883275,-1	amyC,3883557,3884400,-1	amyD,3884400,3885702,-1	melA,4963367,4964693,-1	
NC_014219:melA,193430,194756,1	melA,193430,194756,1	msmR,1657582,1658572,1	amyD,1658676,1660008,1	amyC,1660023,1660845,1	
NC_006510:amyD,728166,729447,1	amyC,729446,730289,1	msmR,2193868,2194891,-1	melA,3247428,3248772,-1	
NC_022524:msmR,230488,231508,1	amyD,1041106,1042048,1	amyC,1042047,1042875,1	msmE,1042949,1044233,1	melA,1953698,1955027,1	
NC_014098:amyD,2099578,2100520,1	amyC,2100516,2101326,1	
NC_012673:melA,1110265,1111585,1	amyC,1243046,1243871,-1	amyD,1243883,1244849,-1	msmR,2471122,2472181,1	
NC_012491:msmE,1376108,1377392,1	amyD,1377530,1378424,1	amyC,1378457,1379282,1	melA,2930500,2931802,1	msmR,4398041,4399052,-1	
NC_012914:melA,48199,49498,1	melA,48199,49498,1	msmE,2393709,2395023,-1	amyC,2395139,2395970,-1	amyD,2395970,2396858,-1	
NC_014019:melA,2746198,2747521,-1	amyC,2747547,2748378,-1	amyD,2748377,2749310,-1	msmE,2749399,2750659,-1	msmR,2750970,2752005,-1	
NC_013893:
NC_013891:amyD,154445,155324,1	amyC,155323,156172,1	msmR,476399,477368,-1	melA,477540,478863,1	
NC_012121:
NC_023134:amyD,345877,346816,1	amyC,346828,347662,1	melA,1082124,1083423,1	msmR,3151010,3152012,-1	
NC_016935:melA,712927,714433,1	msmE,1933753,1934851,1	amyD,1935052,1935937,1	amyC,1935933,1936761,1	melA,2093524,2094826,1	
NC_011567:msmR,2331915,2332944,-1	amyC,2333034,2333874,-1	amyD,2333888,2334815,-1	
NC_006582:msmR,330472,331447,1	amyC,483982,484813,-1	amyD,484809,485736,-1	msmE,485802,487101,-1	melA,803661,804963,-1	
NC_010382:amyD,804719,805568,1	amyC,806008,806407,1	msmR,4069403,4070408,-1	
NC_000964:msmR,3096781,3097816,1	msmE,3097849,3099130,1	amyD,3099122,3100034,1	amyC,3100030,3100861,1	melA,3100880,3102179,1	
NC_018665:amyD,354849,355815,1	amyC,355828,356614,1	msmE,579273,580560,1	msmR,761616,762654,1	
NC_013205:msmR,864927,865950,1	amyC,865946,866768,1	amyD,868312,869251,1	melA,869321,870620,1	
NC_014483:msmR,286834,287842,-1	amyD,564614,565496,1	amyC,565496,566333,1	msmE,566555,567851,1	melA,1090998,1092645,1	
