glgA,a	glgB,b	glgC,c	glgD,d	glgP,e	
NC_011999:glgB,843461,845384,1	glgC,845393,846563,1	glgD,846562,847666,1	glgA,847680,849084,1	glgP,849094,851500,1	
NC_007350:
NC_018065:
NC_013791:glgP,670623,673053,-1	glgA,673045,674485,-1	glgD,674508,675615,-1	glgC,675631,676786,-1	
NC_004193:glgB,429974,432140,-1	glgB,432480,434394,1	glgC,434386,435544,1	glgD,435544,436651,1	glgA,436674,438108,1	glgP,438122,440555,1	
NC_018704:glgB,1776210,1782117,-1	glgB,1782388,1784509,-1	
NC_009848:
NC_017668:glgP,3946266,3948705,-1	glgA,3948740,3950171,-1	glgD,3950287,3951394,-1	glgC,3951406,3952567,-1	glgB,3952556,3954476,-1	
NC_002570:glgP,1166406,1168854,-1	glgA,1168850,1170281,-1	glgD,1170312,1171419,-1	glgC,1171439,1172591,-1	glgB,3385420,3387574,-1	
NC_002976:
NC_014829:
NC_015634:glgA,1488575,1490003,-1	glgD,1490016,1491126,-1	glgC,1491143,1492301,-1	glgB,1492300,1494241,-1	glgP,2383618,2385331,-1	glgP,2385562,2386030,-1	
NC_010184:glgP,4680359,4682768,-1	glgA,4682786,4684229,-1	glgD,4684354,4685377,-1	glgC,4685407,4686538,-1	glgB,4686485,4688423,-1	
NC_014219:glgP,1434838,1437259,-1	glgA,1437264,1438698,-1	glgD,1438739,1439846,-1	glgC,1439847,1441002,-1	glgB,1440998,1442939,-1	glgB,1443252,1445361,1	
NC_006510:
NC_022524:glgP,3770331,3772737,-1	glgA,3772741,3774178,-1	glgD,3774174,3775203,-1	glgC,3775228,3776374,-1	glgB,3776315,3778226,-1	
NC_014098:
NC_012673:glgC,2388760,2389915,1	glgD,2389949,2391050,1	glgA,2391060,2392494,1	glgP,2392516,2394949,1	glgB,2469564,2471067,1	
NC_012491:
NC_012914:glgP,1371786,1373961,1	glgB,2648435,2650382,1	glgC,2650360,2651530,1	glgD,2651526,2652639,1	glgA,2652679,2654143,1	
NC_014019:glgP,4721093,4723505,-1	glgA,4723518,4724949,-1	glgD,4724945,4725971,-1	glgC,4725993,4727145,-1	glgB,4727095,4729057,-1	
NC_013893:
NC_013891:
NC_012121:
NC_023134:glgB,1405586,1407521,1	glgC,1407517,1408666,1	glgD,1408672,1409782,1	glgA,1409797,1411258,1	
NC_016935:glgP,1182423,1184958,-1	glgB,3536587,3538540,1	glgC,3538532,3539702,1	glgD,3539717,3540821,1	glgA,3541156,3542584,1	
NC_011567:glgB,408878,410825,1	glgC,410721,411945,1	glgD,411932,412955,1	glgA,412951,414406,1	glgP,414383,416780,1	
NC_006582:
NC_010382:
NC_000964:glgP,3163734,3166131,-1	glgA,3166117,3167572,-1	glgD,3167568,3168600,-1	glgC,3168623,3169766,-1	glgB,3169762,3171646,-1	
NC_018665:glgC,668643,669804,1	glgD,670038,670920,1	glgA,670934,672386,1	glgP,672414,674841,1	glgB,760061,761591,1	
NC_013205:
NC_014483:glgC,2193381,2194527,1	glgD,2194550,2195654,1	glgP,2195699,2198153,1	glgA,2770293,2771736,-1	glgB,2771757,2773680,-1	glgC,2773915,2775142,1	
