carB,a	pyrAA,b	pyrB,c	pyrC,d	pyrD,e	pyrE,f	pyrF,g	pyrK,h	
NC_011999:pyrB,829254,830136,1	pyrC,830147,831431,1	pyrAA,831423,832518,1	carB,832510,835684,1	pyrK,835707,836454,1	pyrD,836450,837368,1	pyrF,837364,838063,1	pyrE,838052,838664,1	
NC_007350:pyrD,304024,305092,-1	pyrE,1634360,1634972,-1	pyrF,1634973,1635666,-1	carB,1635762,1638936,-1	pyrAA,1638928,1640029,-1	pyrC,1640028,1641303,-1	pyrB,1641299,1642202,-1	
NC_018065:pyrE,3131489,3132122,-1	pyrF,3132123,3132831,-1	pyrD,3132832,3133744,-1	pyrK,3133740,3134514,-1	carB,3134515,3137713,-1	pyrAA,3137705,3138806,-1	pyrC,3138805,3140080,-1	pyrB,3140042,3140960,-1	
NC_013791:pyrE,2383221,2383848,-1	pyrF,2383844,2384558,-1	pyrD,2384542,2385487,-1	pyrK,2385483,2386263,-1	carB,2386201,2389471,-1	pyrAA,2389537,2390632,-1	pyrC,2390631,2391909,-1	pyrB,2391938,2392853,-1	
NC_004193:pyrB,1527877,1528807,1	pyrC,1528763,1530056,1	pyrAA,1530042,1531143,1	carB,1531135,1534342,1	pyrK,1534338,1535094,1	pyrD,1535090,1536005,1	pyrF,1536001,1536697,1	pyrE,1536689,1537298,1	
NC_018704:pyrE,1600166,1600787,-1	pyrF,1600783,1601488,-1	pyrD,1601480,1602395,-1	pyrK,1602394,1603162,-1	pyrC,1603192,1604479,-1	pyrB,1604438,1605374,-1	
NC_009848:pyrB,1501352,1502276,1	pyrC,1502259,1503546,1	pyrAA,1503542,1504637,1	carB,1504621,1507837,1	pyrK,1507833,1508610,1	pyrD,1508603,1509536,1	pyrF,1509507,1510212,1	pyrE,1510219,1510858,1	
NC_017668:pyrB,1891168,1892047,1	pyrC,1892047,1893343,1	pyrAA,1893320,1894433,1	carB,1894411,1897615,1	pyrK,1897611,1898373,1	pyrD,1898372,1899305,1	pyrF,1899270,1899981,1	pyrE,1899973,1900600,1	
NC_002570:pyrE,2654785,2655418,-1	pyrF,2655420,2656125,-1	pyrD,2656121,2657039,-1	pyrK,2657035,2657815,-1	carB,2657831,2661020,-1	pyrAA,2661047,2662136,-1	pyrC,2662132,2663419,-1	pyrB,2663435,2664353,-1	
NC_002976:pyrB,764257,765139,1	pyrC,765156,766434,1	pyrAA,766434,767535,1	carB,767527,770701,1	pyrF,770735,771428,1	pyrE,771428,772040,1	pyrD,2171688,2172753,1	
NC_014829:pyrE,2770502,2771135,-1	pyrF,2771134,2771848,-1	pyrD,2771829,2772756,-1	pyrK,2772752,2773529,-1	carB,2773525,2776738,-1	pyrAA,2776730,2777819,-1	pyrC,2777815,2779114,-1	pyrB,2779097,2780006,-1	
NC_015634:pyrB,1098382,1099285,1	pyrC,1099300,1100629,1	pyrAA,1100625,1101723,1	carB,1101706,1104907,1	pyrK,1104963,1105680,1	pyrD,1105676,1106651,1	pyrF,1106643,1107351,1	pyrE,1107350,1107986,1	
NC_010184:pyrE,3759534,3760167,-1	pyrF,3760163,3760880,-1	pyrD,3760864,3761794,-1	pyrK,3761790,3762570,-1	carB,3762566,3765785,-1	pyrAA,3765769,3766867,-1	pyrC,3766863,3768150,-1	pyrB,3768133,3769048,-1	
NC_014219:pyrB,1867990,1868893,1	pyrC,1868882,1870169,1	pyrAA,1870168,1871266,1	carB,1871249,1874465,1	pyrK,1874461,1875217,1	pyrD,1875213,1876149,1	pyrF,1876124,1876844,1	pyrE,1876830,1877472,1	
NC_006510:pyrB,1167684,1168611,1	pyrC,1168573,1169860,1	pyrAA,1169862,1170957,1	carB,1170949,1174147,1	pyrK,1174143,1174917,1	pyrD,1174913,1175855,1	pyrF,1175826,1176561,1	pyrE,1176946,1177570,1	
NC_022524:pyrB,1705358,1706423,1	pyrC,1706385,1707672,1	pyrAA,1707668,1708775,1	carB,1708753,1711966,1	pyrK,1711962,1712742,1	pyrD,1712738,1713680,1	pyrF,1713651,1714368,1	pyrE,1714364,1715000,1	
NC_014098:pyrB,1340578,1341613,1	pyrAA,1341609,1342734,1	carB,1342726,1346050,1	pyrK,1346057,1346822,1	pyrD,1346818,1347748,1	pyrF,1347744,1348491,1	pyrC,1355046,1356432,1	pyrE,2393759,2394419,-1	
NC_012673:pyrB,2815339,2816254,1	pyrC,2816250,2817531,1	pyrAA,2817508,2818591,1	carB,2818592,2821796,1	pyrK,2821792,2822512,1	pyrD,2822508,2823435,1	pyrF,2823409,2824114,1	pyrE,2824097,2824724,1	
NC_012491:pyrE,3946406,3947036,-1	pyrF,3947072,3947810,-1	carB,3947825,3951038,-1	pyrAA,3951021,3952119,-1	pyrC,3952174,3953455,-1	pyrB,3953421,3954363,-1	pyrD,5185975,5187067,-1	
NC_012914:pyrD,2532928,2534026,1	pyrE,4402157,4402805,-1	pyrF,4402808,4403534,-1	carB,4403662,4406881,-1	pyrAA,4406867,4408013,-1	pyrC,4408048,4409341,-1	pyrB,4409372,4410275,-1	
NC_014019:pyrE,4096521,4097160,-1	pyrF,4097156,4097879,-1	pyrD,4097850,4098792,-1	pyrK,4098788,4099562,-1	carB,4099558,4102771,-1	pyrAA,4102770,4103856,-1	pyrC,4103840,4105130,-1	pyrB,4105092,4106031,-1	
NC_013893:pyrD,449326,450391,-1	pyrE,1764213,1764825,-1	pyrF,1764825,1765518,-1	carB,1765694,1768868,-1	pyrAA,1768860,1769961,-1	pyrC,1769962,1771237,-1	pyrB,1771236,1772136,-1	
NC_013891:pyrE,1864770,1865400,-1	pyrF,1865396,1866098,-1	pyrD,1866094,1867009,-1	pyrK,1867005,1867770,-1	carB,1867793,1871006,-1	pyrAA,1870998,1872090,-1	pyrC,1872086,1873367,-1	pyrB,1873354,1874266,-1	
NC_012121:pyrB,811518,812427,1	pyrC,812416,813688,1	pyrAA,813694,814795,1	carB,814787,817961,1	pyrK,818148,818913,1	pyrD,818909,819827,1	pyrF,819826,820531,1	pyrE,820532,821144,1	
NC_023134:pyrE,2429589,2430240,-1	pyrF,2430289,2431015,-1	carB,2431092,2434272,-1	pyrAA,2434288,2435467,-1	pyrC,2435489,2436806,-1	pyrB,2436858,2437767,-1	pyrD,2889286,2890168,-1	pyrK,2890199,2890901,-1	
NC_016935:pyrD,2175222,2176326,1	pyrE,6433968,6434625,-1	pyrF,6434689,6435415,-1	carB,6435548,6438764,-1	pyrAA,6438750,6439929,-1	pyrC,6440221,6441511,-1	pyrB,6441591,6442500,-1	
NC_011567:pyrE,1788908,1789541,-1	pyrF,1789522,1790281,-1	pyrD,1790207,1791146,-1	pyrK,1791142,1791907,-1	carB,1791903,1795128,-1	pyrAA,1795087,1796239,-1	pyrC,1796178,1797465,-1	pyrB,1797430,1798354,-1	
NC_006582:pyrE,2456377,2457034,-1	pyrF,2457009,2457729,-1	pyrD,2457725,2458640,-1	pyrK,2458639,2459419,-1	carB,2459486,2462675,-1	pyrAA,2462694,2463780,-1	pyrC,2463772,2465056,-1	pyrB,2465091,2465997,-1	
NC_010382:pyrB,1549410,1550292,1	pyrC,1550293,1551571,1	pyrAA,1551570,1552671,1	carB,1552663,1555861,1	pyrK,1555862,1556636,1	pyrF,1557543,1558248,1	pyrE,1558248,1558881,1	pyrD,2075946,2077209,1	
NC_000964:pyrB,1620475,1621390,1	pyrC,1621373,1622660,1	pyrAA,1622656,1623751,1	carB,1623735,1626951,1	pyrK,1626947,1627718,1	pyrD,1627717,1628653,1	pyrF,1628621,1629341,1	pyrE,1629319,1629970,1	
NC_018665:pyrE,1744982,1745624,-1	pyrF,1745620,1746319,-1	pyrD,1746293,1747223,-1	pyrK,1747219,1747951,-1	carB,1747947,1751160,-1	pyrAA,1751152,1752241,-1	pyrC,1752233,1753505,-1	pyrB,1753506,1754424,-1	
NC_013205:pyrD,1054047,1055121,-1	pyrB,1353310,1354243,1	pyrC,1354239,1355535,1	pyrAA,1355531,1356638,1	carB,1356630,1359879,1	pyrF,1359886,1360627,1	pyrE,1360619,1361279,1	
NC_014483:pyrE,3400904,3401546,-1	pyrF,3401542,3402244,-1	carB,3402404,3405620,-1	pyrAA,3405621,3406758,-1	pyrC,3406820,3408143,-1	pyrB,3408200,3409115,-1	pyrD,5222188,5223121,-1	pyrK,5223101,5223803,-1	
