yxeK,a	yxeL,b	yxeM,c	yxeN,d	yxeO,e	yxeP,f	yxeQ,g	
NC_011999:yxeP,67045,68218,1	yxeO,1542991,1543720,-1	yxeN,1543716,1544445,-1	yxeM,1544419,1545187,-1	
NC_007350:yxeK,107586,108891,1	yxeM,271742,272537,1	yxeN,272520,273240,1	yxeO,273236,273968,1	yxeL,532345,532885,1	yxeP,613594,614719,1	
NC_018065:yxeQ,105642,107007,-1	yxeQ,105642,107007,-1	yxeP,356993,358166,-1	yxeM,2179184,2180021,1	yxeN,2180145,2180892,1	yxeO,2180893,2181628,1	
NC_013791:yxeO,587682,588405,-1	yxeN,588404,589067,-1	yxeM,589160,589964,-1	yxeP,1449428,1450655,1	
NC_004193:yxeP,598333,599497,1	yxeM,1047532,1048351,1	yxeN,1048450,1049125,1	yxeO,1049124,1049847,1	yxeK,2854456,2855827,-1	
NC_018704:yxeP,242339,243524,-1	yxeO,1710284,1711007,-1	yxeN,1710999,1711659,-1	yxeM,1711721,1712498,-1	
NC_009848:yxeK,386118,387444,1	yxeL,387461,387965,1	yxeM,387987,388782,1	yxeN,388806,389481,1	yxeO,389493,390240,1	yxeP,390273,391431,1	yxeQ,391421,392756,1	
NC_017668:yxeM,573320,574145,1	yxeN,574122,574827,1	yxeO,574838,575576,1	yxeP,1234013,1235198,-1	
NC_002570:yxeM,188622,189450,1	yxeN,189436,190138,1	yxeO,190153,190897,1	yxeP,1687387,1688602,1	
NC_002976:yxeK,209973,211278,-1	yxeP,1938083,1939202,-1	yxeL,2015085,2015622,-1	yxeO,2021138,2021870,-1	yxeN,2021866,2022586,-1	yxeM,2022566,2023355,-1	
NC_014829:yxeP,1667651,1668839,-1	yxeM,4465128,4465869,1	yxeN,4465962,4466637,1	yxeO,4466633,4467356,1	
NC_015634:yxeK,2661350,2662484,-1	yxeO,2687263,2687680,-1	yxeN,2687978,2688638,-1	yxeM,2688703,2689432,-1	yxeP,2689587,2690661,-1	
NC_010184:yxeN,397856,398549,-1	yxeM,398642,399437,-1	yxeO,399558,400281,-1	yxeK,1643833,1645132,1	yxeP,3406930,3408097,1	
NC_014219:yxeP,2706781,2707975,1	yxeM,2802861,2803611,1	yxeN,2803721,2804393,1	yxeO,2804392,2805115,1	
NC_006510:yxeP,3287219,3288404,-1	yxeM,3496607,3497429,1	yxeN,3497498,3498155,1	yxeO,3498151,3498874,1	
NC_022524:yxeO,881060,881789,-1	yxeN,881785,882430,-1	yxeM,882493,883285,-1	yxeP,1234047,1235247,-1	yxeK,2044632,2045679,1	
NC_014098:yxeM,114248,115046,1	yxeN,115168,115843,1	yxeO,115829,116552,1	yxeQ,1269775,1271155,1	yxeK,3130431,3131775,-1	yxeP,3146472,3147669,1	
NC_012673:yxeO,451950,452673,-1	yxeN,452669,453329,-1	yxeM,453389,454181,-1	yxeP,1831175,1832360,-1	
NC_012491:yxeM,1128964,1129741,1	yxeN,1129814,1130474,1	yxeO,1130488,1131235,1	yxeP,2240935,2242111,1	
NC_012914:yxeK,5999427,6000771,-1	yxeP,6001013,6002249,-1	yxeK,6002245,6003574,-1	yxeP,6004073,6005261,-1	yxeO,6006319,6007072,-1	yxeN,6007068,6007779,-1	yxeN,6007768,6008557,-1	yxeM,6008597,6009491,-1	yxeL,6009490,6010024,-1	
NC_014019:yxeL,2069491,2070016,1	yxeM,2070378,2071200,1	yxeN,2071274,2071973,1	yxeN,2072000,2072711,1	yxeO,2072707,2073481,1	yxeP,3242266,3243451,-1	yxeK,3243428,3244781,-1	yxeK,3245227,3246301,1	
NC_013893:yxeK,363943,365254,-1	yxeM,642340,643120,1	yxeN,643100,643820,1	yxeO,643816,644548,1	yxeP,766489,767620,1	
NC_013891:yxeP,481473,482655,1	yxeM,1755851,1756667,-1	yxeO,1756668,1757316,-1	yxeN,1757326,1757968,-1	
NC_012121:yxeP,1826219,1827335,-1	yxeO,1914428,1915166,-1	yxeN,1915162,1915870,-1	yxeM,1915880,1916669,-1	yxeK,2345689,2346994,1	
NC_023134:yxeO,1483709,1484483,1	yxeM,1484505,1485360,1	yxeN,1485433,1486087,1	yxeN,1486105,1486765,1	yxeP,1486851,1488060,-1	
NC_016935:yxeK,4602872,4604207,1	yxeP,5207920,5209132,-1	yxeL,5209128,5209668,-1	yxeO,5209703,5210456,-1	yxeN,5210452,5211094,-1	yxeN,5211114,5211909,-1	yxeM,5211924,5212785,-1	
NC_011567:yxeP,2271636,2272905,1	yxeO,2288223,2288988,-1	yxeN,2288977,2289688,-1	yxeM,2289665,2290463,-1	
NC_006582:yxeP,33212,34406,1	yxeM,3056070,3056913,1	yxeN,3056924,3057590,1	yxeK,3522340,3523447,-1	yxeO,3523460,3524231,-1	yxeK,3524621,3525926,-1	
NC_010382:yxeM,472027,472822,1	yxeN,472851,473610,1	yxeO,473606,474329,1	yxeP,1604612,1605764,1	yxeK,3962518,3963847,-1	
NC_000964:yxeQ,4055535,4056873,-1	yxeP,4056869,4058012,-1	yxeO,4058028,4058778,-1	yxeN,4058790,4059465,-1	yxeM,4059487,4060282,-1	yxeL,4060306,4060804,-1	yxeK,4060817,4062143,-1	
NC_018665:yxeP,458880,460059,1	yxeN,679001,679652,-1	yxeM,679648,680410,-1	yxeO,680571,681678,-1	yxeK,2733364,2734423,-1	
NC_013205:yxeO,44086,45625,-1	yxeP,1821512,1822682,-1	
NC_014483:yxeM,845430,846288,1	yxeN,846373,847021,1	yxeO,847035,847785,1	yxeK,2208321,2209662,1	yxeK,2208321,2209662,1	yxeL,2509620,2510169,1	
