hemA,a	hemB,b	hemC,c	hemD,d	hemL,e	hemX,f	
NC_011999:hemL,1409065,1410349,-1	hemB,1410348,1411332,-1	hemC,1412031,1412955,-1	hemX,1412964,1413798,-1	hemA,1413806,1415147,-1	
NC_007350:hemA,1140048,1141380,1	hemX,1141401,1142238,1	hemC,1142291,1143218,1	hemB,1143913,1144891,1	hemL,1144910,1146194,1	
NC_018065:hemA,1501431,1502787,1	hemX,1502926,1503754,1	hemC,1503777,1504710,1	hemD,1504699,1505443,1	hemB,1505439,1506420,1	hemL,1506421,1507711,1	
NC_013791:hemL,2849194,2850481,-1	hemB,2850554,2851538,-1	hemD,2851534,2852323,-1	hemC,2852322,2853255,-1	hemX,2853329,2854145,-1	hemA,2854166,2855546,-1	
NC_004193:hemL,2092187,2093474,-1	hemB,2093486,2094473,-1	hemD,2094474,2095233,-1	hemC,2095232,2096162,-1	hemX,2096173,2096989,-1	hemA,2097009,2098383,-1	
NC_018704:
NC_009848:hemL,2461626,2462919,-1	hemB,2462946,2463918,-1	hemD,2463914,2464706,-1	hemC,2464702,2465638,-1	hemX,2465679,2466510,-1	hemA,2466517,2467885,-1	
NC_017668:hemL,2635159,2636443,-1	hemB,2636472,2637450,-1	hemD,2637466,2638225,-1	hemC,2638224,2639154,-1	hemX,2639166,2639985,-1	hemA,2639999,2641373,-1	
NC_002570:hemL,3159297,3160587,-1	hemB,3160600,3161587,-1	hemD,3161589,3162351,-1	hemC,3162347,3163283,-1	hemX,3163318,3164134,-1	hemA,3164163,3165543,-1	
NC_002976:hemL,1266295,1267579,-1	hemB,1267602,1268577,-1	hemC,1269280,1270207,-1	hemX,1270260,1271073,-1	hemA,1271094,1272441,-1	
NC_014829:hemL,3322117,3323401,-1	hemB,3323427,3324405,-1	hemD,3324423,3325197,-1	hemC,3325213,3326146,-1	hemX,3326232,3327051,-1	hemA,3327066,3328455,-1	
NC_015634:hemL,1911735,1913025,-1	hemB,1913040,1914018,-1	hemD,1914229,1915018,-1	hemC,1915014,1915947,-1	hemX,1915959,1916784,-1	hemA,1916799,1918131,-1	
NC_010184:hemL,4304617,4305907,-1	hemB,4305906,4306896,-1	hemD,4307069,4307822,-1	hemC,4307824,4308754,-1	hemX,4308769,4309603,-1	hemA,4309620,4310952,-1	
NC_014219:hemA,1620282,1621671,1	hemX,1621685,1622507,1	hemC,1622558,1623497,1	hemD,1623496,1624291,1	hemB,1624287,1625268,1	hemL,1625290,1626580,1	
NC_006510:hemL,2658471,2659761,-1	hemB,2659777,2660752,-1	hemD,2660752,2661523,-1	hemC,2661522,2662452,-1	hemX,2662467,2663286,-1	hemA,2663296,2664661,-1	
NC_022524:hemL,3510569,3511859,-1	hemB,3511915,3512896,-1	hemD,3512897,3513677,-1	hemC,3513673,3514609,-1	hemX,3514668,3515502,-1	hemA,3515517,3516867,-1	
NC_014098:hemA,644739,646113,1	hemX,646124,646940,1	hemC,647618,648551,1	hemD,648543,650103,1	hemB,650107,651085,1	hemL,652170,653457,1	
NC_012673:hemA,2608465,2609812,1	hemC,2609864,2610782,1	hemB,2611436,2612417,1	hemL,2612413,2613718,1	
NC_012491:hemA,1893572,1894937,1	hemX,1895078,1895897,1	hemC,1895920,1896850,1	hemD,1896846,1897659,1	hemB,1897642,1898617,1	hemL,1898624,1899914,1	
NC_012914:hemL,5102694,5103996,-1	hemB,5104002,5104998,-1	hemD,5105052,5106615,-1	hemC,5106619,5107591,-1	hemX,5108263,5109079,-1	hemA,5109125,5110496,-1	
NC_014019:hemL,4502180,4503470,-1	hemB,4503486,4504467,-1	hemD,4504484,4505258,-1	hemC,4505257,4506190,-1	hemX,4506203,4507037,-1	hemA,4507051,4508392,-1	
NC_013893:hemA,1298375,1299722,1	hemX,1300018,1300555,1	hemC,1300615,1301548,1	hemB,1302246,1303221,1	hemL,1303234,1304518,1	
NC_013891:hemL,1501709,1503002,-1	hemB,1503014,1503989,-1	hemC,1504704,1505634,-1	hemA,1505630,1506944,-1	
NC_012121:hemL,1280860,1282150,-1	hemB,1282151,1283135,-1	hemC,1283847,1284774,-1	hemX,1284805,1285630,-1	hemA,1285652,1286990,-1	
NC_023134:hemL,2836007,2837309,-1	hemB,2841043,2842039,-1	hemD,2842059,2843610,-1	hemC,2843626,2844571,-1	hemX,2845353,2846196,-1	hemA,2846227,2847628,-1	
NC_016935:hemL,125681,126875,1	hemB,7187646,7188642,-1	hemD,7188701,7190243,-1	hemC,7190344,7191292,-1	hemX,7192112,7192937,-1	hemA,7192952,7194350,-1	
NC_011567:hemA,652731,654066,1	hemX,654078,654894,1	hemC,654900,655842,1	hemD,655842,656592,1	hemB,656593,657568,1	hemL,657546,658863,1	
NC_006582:hemL,2751151,2752444,-1	hemB,2752448,2753426,-1	hemD,2753422,2754181,-1	hemC,2754177,2755113,-1	hemX,2755123,2755939,-1	hemA,2755955,2757320,-1	
NC_010382:hemL,3836456,3837749,-1	hemB,3837749,3838730,-1	hemD,3838726,3839488,-1	hemC,3839477,3840410,-1	hemX,3840428,3841241,-1	hemA,3841429,3842794,-1	
NC_000964:hemL,2872879,2874172,-1	hemB,2874201,2875176,-1	hemD,2875172,2875961,-1	hemC,2875950,2876895,-1	hemX,2876927,2877758,-1	hemA,2877765,2879133,-1	
NC_018665:hemL,1934677,1935988,-1	hemB,1935984,1936974,-1	hemC,1937646,1938573,-1	hemA,1938655,1939996,-1	
NC_013205:hemL,1882607,1883915,-1	hemB,1883927,1884908,-1	hemC,1885658,1886576,-1	hemA,1887401,1888757,-1	
NC_014483:hemL,4013292,4014597,-1	hemB,4014627,4015626,-1	hemD,4015673,4017230,-1	hemC,4017234,4018161,-1	hemX,4018818,4019646,-1	hemA,4019662,4021057,-1	
