cysE,a	cysS,b	mrnC,c	rlmB,d	sigH,e	yacP,f	
NC_011999:yacP,2011621,2012140,-1	rlmB,2012139,2012931,-1	mrnC,2012869,2013280,-1	cysS,2013272,2014682,-1	cysE,2014650,2015355,-1	
NC_007350:yacP,2283346,2283868,-1	rlmB,2283864,2284614,-1	mrnC,2284621,2285008,-1	cysS,2285009,2286410,-1	cysE,2286393,2287044,-1	
NC_018065:cysS,229831,231235,1	mrnC,231235,231649,1	rlmB,231651,232515,1	yacP,232519,233032,1	sigH,233102,233750,1	cysE,2609874,2610804,-1	
NC_013791:cysE,114558,115209,1	cysS,115263,116661,1	mrnC,116662,117070,1	rlmB,117103,117853,1	yacP,117854,118367,1	sigH,118449,119097,1	
NC_004193:cysE,119075,119756,1	cysS,119736,121143,1	mrnC,121142,121559,1	rlmB,121548,122295,1	yacP,122294,122804,1	sigH,122941,123595,1	
NC_018704:cysE,116380,117037,1	cysS,117026,118424,1	mrnC,118426,118828,1	rlmB,118829,119573,1	yacP,119577,120087,1	sigH,120158,120818,1	
NC_009848:cysE,87607,88261,1	cysS,88257,89658,1	mrnC,89661,90093,1	rlmB,90076,90826,1	yacP,90828,91341,1	sigH,91404,92061,1	
NC_017668:cysE,122178,122829,1	cysS,122830,124231,1	mrnC,124236,124647,1	rlmB,124639,125383,1	yacP,125385,125895,1	sigH,125976,126633,1	
NC_002570:cysE,144479,145169,1	cysS,145206,146607,1	mrnC,146606,147026,1	rlmB,147028,147778,1	yacP,147779,148292,1	sigH,148367,149021,1	
NC_002976:cysE,176656,177298,1	cysS,177281,178682,1	mrnC,178674,179073,1	rlmB,179080,179830,1	yacP,179826,180354,1	
NC_014829:cysE,127356,128004,1	cysS,128030,129431,1	mrnC,129437,129857,1	rlmB,129853,130612,1	yacP,130613,131126,1	sigH,131258,131912,1	
NC_015634:cysE,107680,108349,1	cysS,108329,109727,1	mrnC,109711,110137,1	rlmB,110136,110880,1	yacP,110869,111391,1	sigH,111502,112108,1	
NC_010184:cysE,104773,105439,1	cysS,105419,106817,1	mrnC,106819,107227,1	rlmB,107223,107967,1	yacP,107970,108483,1	sigH,108550,109210,1	
NC_014219:cysE,113727,114684,1	cysS,114664,116068,1	mrnC,116071,116497,1	rlmB,116489,117257,1	yacP,117249,117759,1	sigH,117986,118631,1	
NC_006510:cysE,105716,106391,1	cysS,106368,107769,1	mrnC,107778,108201,1	rlmB,108200,108938,1	yacP,108941,109454,1	sigH,109523,110174,1	
NC_022524:cysE,118886,119537,1	cysS,119536,120934,1	mrnC,120938,121364,1	rlmB,121360,122104,1	yacP,122107,122617,1	sigH,122689,123349,1	
NC_014098:cysE,129783,130473,1	cysS,130423,131854,1	rlmB,131855,132662,1	yacP,132677,133187,1	sigH,133268,133934,1	
NC_012673:sigH,1593307,1593949,-1	yacP,1594158,1594698,-1	rlmB,1594694,1595447,-1	mrnC,1595553,1595958,-1	cysS,1595954,1597352,-1	cysE,1597320,1598010,-1	
NC_012491:cysE,212218,212884,1	cysS,212864,214271,1	mrnC,214288,214693,1	rlmB,214694,215450,1	yacP,215451,215976,1	sigH,216041,216710,1	
NC_012914:sigH,6522217,6522868,-1	yacP,6523098,6523623,-1	rlmB,6523626,6524382,-1	mrnC,6524378,6524882,-1	cysS,6524917,6526330,-1	cysE,6526326,6526989,-1	
NC_014019:cysE,106744,107401,1	cysS,107390,108788,1	mrnC,108795,109221,1	rlmB,109210,109954,1	yacP,109956,110466,1	sigH,110534,111185,1	
NC_013893:yacP,2424946,2425474,-1	rlmB,2425473,2426220,-1	mrnC,2426222,2426618,-1	cysS,2426619,2428020,-1	cysE,2428003,2428615,-1	
NC_013891:cysE,243470,244085,1	cysS,244091,245507,1	mrnC,245509,245920,1	rlmB,245919,246675,1	yacP,246677,247190,1	sigH,247270,247876,1	
NC_012121:cysE,196060,196702,1	cysS,196685,198086,1	mrnC,198078,198480,1	rlmB,198479,199229,1	yacP,199232,199757,1	
NC_023134:sigH,3785140,3785791,-1	yacP,3785925,3786441,-1	rlmB,3786455,3787193,-1	mrnC,3787211,3787634,-1	cysS,3787633,3789007,-1	cysE,3789011,3789689,-1	
NC_016935:sigH,8306071,8306716,-1	yacP,8306830,8307346,-1	rlmB,8307361,8308117,-1	mrnC,8308139,8308601,-1	cysE,8309983,8310631,-1	
NC_011567:cysE,99106,99799,1	cysS,99779,101177,1	mrnC,101181,101607,1	rlmB,101606,102347,1	yacP,102339,102858,1	sigH,102904,103576,1	
NC_006582:cysE,160748,161414,1	cysS,161464,162865,1	mrnC,162846,163278,1	rlmB,163274,164066,1	yacP,164073,164586,1	sigH,164673,165336,1	
NC_010382:sigH,4482266,4482914,-1	yacP,4482982,4483495,-1	rlmB,4483497,4484250,-1	mrnC,4484255,4484669,-1	cysS,4484674,4486075,-1	cysE,4486071,4486710,-1	
NC_000964:cysE,112799,113453,1	cysS,113449,114850,1	mrnC,114853,115285,1	rlmB,115268,116018,1	yacP,116024,116537,1	sigH,116599,117256,1	
NC_018665:cysE,103012,103696,1	cysS,103649,105047,1	mrnC,105043,105448,1	rlmB,105536,106301,1	yacP,106297,107017,1	sigH,107020,107668,1	
NC_013205:cysE,2438665,2439529,-1	sigH,2794072,2794744,-1	yacP,2794859,2795369,-1	rlmB,2795376,2796144,-1	mrnC,2796140,2796554,-1	cysS,2796550,2797975,-1	
NC_014483:sigH,4674029,4674695,-1	yacP,4674836,4675358,-1	rlmB,4675362,4676109,-1	mrnC,4676164,4676623,-1	cysS,4676619,4678023,-1	cysE,4678047,4678728,-1	
