sigY,a	yxlC,b	yxlD,c	yxlE,d	yxlF,e	yxlG,f	
NC_011999:yxlF,3087,3984,1	
NC_007350:yxlF,106171,106834,1	
NC_018065:sigY,299566,300130,1	yxlG,3953677,3954460,-1	yxlF,3954446,3955349,-1	yxlE,3955345,3955546,-1	
NC_013791:yxlE,864708,864921,1	yxlF,864920,865829,1	yxlG,865825,866605,1	sigY,1450826,1451357,1	
NC_004193:sigY,250168,250732,1	yxlG,940975,941752,-1	yxlF,941751,942660,-1	
NC_018704:yxlG,637334,638111,-1	yxlF,638107,639013,-1	yxlE,639013,639214,-1	
NC_009848:yxlE,166123,166315,1	yxlF,166333,167251,1	yxlG,167247,168012,1	yxlD,3475697,3475910,-1	sigY,3476217,3476748,-1	
NC_017668:yxlG,935241,936015,-1	yxlF,935989,936913,-1	yxlE,936909,937137,-1	sigY,938184,938709,-1	
NC_002570:yxlF,313334,314240,1	yxlG,314236,315019,1	sigY,1689890,1690421,1	
NC_002976:yxlF,10894,11581,1	
NC_014829:sigY,186204,186768,1	yxlG,3616686,3617469,-1	yxlF,3617465,3618371,-1	yxlE,3618373,3618589,-1	
NC_015634:sigY,180081,180645,1	sigY,180081,180645,1	
NC_010184:yxlF,173513,174554,-1	sigY,4692349,4692880,-1	
NC_014219:sigY,386180,386744,1	yxlE,2913747,2913960,1	yxlF,2913961,2914867,1	yxlG,2914863,2915652,1	
NC_006510:sigY,162032,162596,1	sigY,162032,162596,1	
NC_022524:yxlE,517966,518293,1	yxlF,518292,519198,1	yxlG,519194,519974,1	sigY,1181541,1182105,1	yxlD,1182420,1182639,1	
NC_014098:yxlF,115829,116552,1	sigY,545892,546522,-1	
NC_012673:yxlE,979447,979654,1	yxlF,979650,980499,1	yxlG,980498,981257,1	sigY,1735122,1735644,1	
NC_012491:sigY,1192968,1193538,-1	yxlE,3130879,3131074,1	yxlF,3131106,3132024,1	yxlG,3132023,3132809,1	
NC_012914:yxlF,167479,168601,1	sigY,168784,169327,1	
NC_014019:yxlG,2855525,2856302,-1	yxlF,2856298,2857189,-1	yxlE,2857201,2857393,-1	yxlD,2857393,2857594,-1	sigY,2857910,2858441,-1	
NC_013893:yxlF,855711,856602,1	yxlG,856598,857363,1	yxlF,857375,858089,1	
NC_013891:yxlG,2263026,2263821,-1	yxlF,2263817,2264723,-1	
NC_012121:yxlF,281002,281659,-1	
NC_023134:sigY,24556,25099,-1	yxlD,51848,52061,1	sigY,3723643,3724222,-1	
NC_016935:yxlF,162928,164014,1	sigY,8146671,8147211,-1	
NC_011567:sigY,151916,152480,1	sigY,151916,152480,1	
NC_006582:yxlF,2084370,2085285,1	yxlG,2085281,2086061,1	sigY,2086120,2086651,1	
NC_010382:yxlE,675605,675809,1	yxlF,675805,676690,1	yxlG,676686,677469,1	sigY,4423623,4424187,-1	
NC_000964:yxlG,3967943,3968720,-1	yxlF,3968716,3969604,-1	yxlE,3969610,3969799,-1	yxlD,3969795,3970002,-1	yxlC,3969998,3970319,-1	sigY,3970311,3970848,-1	
NC_018665:sigY,154041,154605,1	sigY,2333515,2334061,-1	
NC_013205:yxlF,44086,45625,-1	sigY,2712195,2712729,-1	
NC_014483:yxlF,160709,161708,1	sigY,4620132,4620699,-1	
