acoA,a	acoB,b	acoC,c	acoL,d	acoR,e	sspH,f	
NC_011999:acoA,765794,766910,1	acoB,766913,767891,1	acoC,767984,769268,1	acoL,769272,770679,1	
NC_007350:acoL,1277642,1279064,1	acoA,1279080,1280079,1	acoB,1280071,1281055,1	acoC,1281067,1282351,1	
NC_018065:acoL,1798221,1799631,1	acoA,1799651,1800665,1	acoB,1800664,1801648,1	acoC,1802068,1803421,1	acoR,1827411,1829052,1	
NC_013791:acoR,1616512,1618216,1	acoL,2484786,2486196,-1	acoC,2486199,2487489,-1	acoB,2487591,2488569,-1	acoA,2488572,2489658,-1	sspH,3288943,3289123,1	
NC_004193:acoR,1391039,1392398,-1	acoA,1455221,1456304,1	acoB,1456307,1457285,1	acoC,1457308,1458592,1	acoL,1458595,1460002,1	
NC_018704:sspH,1037830,1038010,-1	acoL,1230698,1232126,1	acoA,1232122,1233121,1	acoB,1233196,1234183,1	acoC,1234201,1235443,1	
NC_009848:acoA,490598,491576,1	acoB,491596,492634,1	acoC,492651,493791,1	acoL,493809,495189,1	acoR,495297,497145,1	
NC_017668:acoA,1810717,1811800,1	acoB,1811803,1812781,1	acoC,1812808,1814125,1	acoL,1814128,1815538,1	sspH,1964079,1964274,-1	acoR,2428478,2430551,-1	
NC_002570:acoA,1896482,1897496,1	acoB,1897495,1898530,1	acoC,1898541,1899774,1	acoL,1899787,1901167,1	acoR,1901312,1903184,1	sspH,2174147,2174330,-1	
NC_002976:acoA,675507,676620,1	acoB,676623,677601,1	acoC,677731,679033,1	acoL,679037,680444,1	
NC_014829:acoR,1917185,1919249,1	acoL,1922677,1924105,1	acoA,1924132,1925128,1	acoB,1925135,1926119,1	acoC,1926143,1927397,1	sspH,4543816,4543996,1	
NC_015634:acoA,1462007,1463000,1	acoB,1463025,1464054,1	acoC,1464080,1465289,1	acoL,1465305,1466685,1	acoR,1466823,1468656,1	sspH,1472306,1472486,1	
NC_010184:sspH,1650062,1650242,-1	acoR,2634404,2636255,-1	acoL,2642798,2644178,-1	acoC,2644193,2645393,-1	acoB,2645420,2646455,-1	acoA,2646472,2647471,-1	
NC_014219:acoR,459599,460961,1	acoA,1805133,1806222,1	acoB,1806225,1807203,1	acoC,1807304,1808933,1	acoL,1808936,1810346,1	
NC_006510:acoR,193520,194894,-1	acoA,1083114,1084224,1	acoB,1084227,1085205,1	acoC,1085277,1086582,1	acoL,1086586,1087999,1	sspH,2170155,2170338,1	
NC_022524:acoA,1605964,1607080,1	acoB,1607083,1608061,1	acoC,1608145,1609483,1	acoL,1609487,1610897,1	sspH,2327147,2327480,1	acoR,3719256,3720621,-1	
NC_014098:acoR,244519,246061,1	acoA,293080,294163,1	acoB,294165,295146,1	acoC,295164,296529,1	acoL,296530,297940,1	
NC_012673:acoC,458054,459374,-1	acoB,459386,460364,-1	acoA,460363,461371,-1	acoL,461383,462793,-1	acoR,466034,467672,-1	
NC_012491:acoR,2844195,2845605,-1	acoA,2845801,2846905,1	acoB,2846901,2847885,1	acoC,2847902,2849207,1	acoL,2849207,2850638,1	sspH,4805698,4805887,1	
NC_012914:sspH,718124,718370,1	acoA,3068267,3069347,1	acoB,3069405,3070383,1	acoC,3070570,3071875,1	acoL,3071880,3073296,1	acoR,4161470,4163324,-1	
NC_014019:acoA,1879159,1880152,1	acoB,1880170,1881205,1	acoC,1881229,1882459,1	acoL,1882474,1883854,1	acoR,1884119,1885997,1	sspH,2096907,2097087,1	
NC_013893:acoL,245235,246588,1	acoA,246676,247624,1	acoB,247639,248680,1	acoC,248697,249987,1	
NC_013891:acoA,988277,989393,1	acoB,989395,990373,1	acoC,990483,992118,1	acoL,992122,993526,1	
NC_012121:acoA,721098,722211,1	acoB,722214,723192,1	acoC,723538,724879,1	acoL,724882,726289,1	
NC_023134:acoA,924324,925437,1	acoB,925486,926467,1	acoC,926525,927833,1	acoL,927837,929253,1	
NC_016935:acoL,3381890,3383360,1	acoA,3383489,3384500,1	acoB,3384501,3385482,1	acoC,3385495,3386872,1	acoR,8224361,8226503,-1	
NC_011567:acoR,964470,966546,1	acoL,969873,971298,1	acoA,971309,972302,1	acoB,972304,973288,1	acoC,973300,974599,1	sspH,1598533,1598791,-1	
NC_006582:acoC,2917631,2918864,-1	acoB,2918893,2919937,-1	acoA,2919954,2920902,-1	acoL,2920929,2922129,-1	acoR,2922549,2924493,-1	
NC_010382:acoR,118198,119884,-1	acoA,1458791,1459907,1	acoB,1459910,1460888,1	acoC,1460935,1462270,1	acoL,1462275,1463691,1	
NC_000964:acoA,879001,880003,1	acoB,880006,881035,1	acoC,881048,882245,1	acoL,882265,883642,1	acoR,883757,885575,1	sspH,885628,885808,1	
NC_018665:acoL,366518,367919,-1	acoC,367919,369128,-1	acoB,369140,369935,-1	acoA,369936,370989,-1	acoR,916019,917675,1	
NC_013205:acoR,512052,513501,1	acoL,522555,523968,-1	acoC,523971,525282,-1	acoB,525298,526279,-1	acoA,526280,527360,-1	sspH,1124987,1125179,1	
NC_014483:acoL,2789066,2790488,-1	acoC,2790491,2792105,-1	acoB,2792139,2793120,-1	acoA,2793220,2794288,-1	sspH,4510355,4510550,-1	
