mrpA,a	mrpB,b	mrpC,c	mrpD,d	mrpE,e	mrpF,f	mrpG,g	
NC_011999:mrpG,608602,608950,-1	mrpF,608915,609218,-1	mrpE,609214,609694,-1	mrpD,609695,611177,-1	mrpC,611166,611508,-1	mrpB,611507,611936,-1	mrpA,611919,614298,-1	
NC_007350:mrpA,1906038,1908456,1	mrpB,1908436,1908865,1	mrpC,1908864,1909212,1	mrpD,1909198,1910695,1	mrpE,1910696,1911179,1	mrpF,1911175,1911469,1	mrpG,1911446,1911803,1	
NC_018065:mrpG,3940918,3941323,-1	mrpF,3941300,3941585,-1	mrpE,3941581,3942064,-1	mrpD,3942078,3943563,-1	mrpC,3943555,3943894,-1	mrpB,3943895,3944318,-1	mrpA,3944304,3946716,-1	
NC_013791:mrpG,1066075,1066435,-1	mrpF,1066421,1066697,-1	mrpE,1066698,1067175,-1	mrpD,1067181,1068663,-1	mrpC,1068655,1068994,-1	mrpB,1068993,1069428,-1	mrpA,1069424,1071842,-1	
NC_004193:mrpA,2016494,2018912,1	mrpB,2018908,2019343,1	mrpC,2019342,2019681,1	mrpD,2019673,2021158,1	mrpE,2021163,2021640,1	mrpF,2021639,2021918,1	mrpG,2021901,2022261,1	
NC_018704:
NC_009848:mrpA,2828874,2831280,1	mrpB,2831276,2831708,1	mrpC,2831707,2832049,1	mrpD,2832032,2833520,1	mrpE,2833526,2834006,1	mrpF,2834005,2834287,1	mrpG,2834270,2834645,1	
NC_017668:mrpB,2135750,2136179,1	mrpA,2557131,2559471,1	mrpC,2559474,2559813,1	mrpD,2559805,2561290,1	mrpE,2561296,2561773,1	mrpF,2561772,2562084,1	mrpG,2562055,2562439,1	
NC_002570:mrpG,1402717,1403071,-1	mrpF,1403045,1403333,-1	mrpE,1403332,1403809,-1	mrpD,1403814,1405296,-1	mrpC,1405288,1405627,-1	mrpB,1405626,1406067,-1	mrpA,1406063,1408478,-1	
NC_002976:mrpG,517159,517516,-1	mrpF,517493,517787,-1	mrpE,517786,518266,-1	mrpD,518267,519764,-1	mrpC,519750,520098,-1	mrpB,520097,520526,-1	mrpA,520518,522924,-1	
NC_014829:mrpG,1754669,1755035,-1	mrpF,1755015,1755297,-1	mrpE,1755296,1755773,-1	mrpD,1755778,1757263,-1	mrpC,1757255,1757594,-1	mrpB,1757593,1758022,-1	mrpA,1758018,1760433,-1	
NC_015634:
NC_010184:mrpD,5055258,5056779,-1	mrpA,5056780,5058283,-1	mrpA,5058279,5060142,-1	
NC_014219:mrpA,2605249,2607673,1	mrpB,2607669,2608095,1	mrpC,2608094,2608433,1	mrpD,2608425,2609919,1	mrpE,2609924,2610401,1	mrpF,2610400,2610682,1	mrpG,2610662,2611013,1	
NC_006510:mrpD,3387922,3389416,-1	mrpA,3389420,3390998,-1	mrpA,3390994,3392857,-1	
NC_022524:mrpA,3814333,3816724,1	mrpB,3816720,3817143,1	mrpC,3817142,3817484,1	mrpD,3817476,3818958,1	mrpE,3818962,3819439,1	mrpF,3819438,3819723,1	mrpG,3819700,3820078,1	
NC_014098:mrpA,2967017,2968916,1	mrpD,2969076,2970558,1	
NC_012673:mrpA,2582838,2585280,1	mrpB,2585251,2585689,1	mrpC,2585688,2586030,1	mrpD,2586022,2587507,1	mrpE,2587514,2588000,1	mrpF,2587999,2588296,1	mrpG,2588273,2588633,1	
NC_012491:mrpD,5741653,5743186,-1	mrpA,5743189,5744722,-1	mrpA,5744714,5746628,-1	
NC_012914:mrpA,6659613,6661179,-1	mrpA,6661182,6662814,-1	mrpA,6662814,6664692,-1	
NC_014019:mrpA,4750844,4753067,1	mrpB,4753063,4753486,1	mrpC,4753485,4753827,1	mrpD,4753816,4755301,1	mrpE,4755307,4755784,1	mrpF,4755784,4756069,1	mrpG,4756052,4756415,1	
NC_013893:mrpA,1985978,1988396,1	mrpB,1988376,1988805,1	mrpC,1988804,1989152,1	mrpD,1989138,1990635,1	mrpE,1990634,1991117,1	mrpF,1991113,1991404,1	mrpG,1991381,1991738,1	
NC_013891:mrpA,2352844,2355253,1	mrpB,2355239,2355662,1	mrpC,2355661,2356009,1	mrpD,2355998,2357486,1	mrpE,2357492,2357972,1	mrpF,2357968,2358256,1	mrpG,2358239,2358833,1	
NC_012121:mrpG,547193,547568,-1	mrpF,547539,547836,-1	mrpE,547835,548315,-1	mrpD,548316,549813,-1	mrpC,549805,550150,-1	mrpB,550149,550515,-1	mrpA,550558,552976,-1	
NC_023134:mrpA,57503,59381,1	mrpD,59370,60996,1	mrpA,60999,62511,1	
NC_016935:mrpA,57449,59342,1	mrpA,59331,60957,1	mrpA,60961,62482,1	
NC_011567:mrpG,1932002,1932362,-1	mrpF,1932333,1932609,-1	mrpE,1932605,1933082,-1	mrpD,1933087,1934560,-1	mrpC,1934552,1934885,-1	mrpB,1934884,1935307,-1	mrpA,1935303,1937769,-1	
NC_006582:mrpA,861893,864311,1	mrpB,864297,864720,1	mrpC,864723,865068,1	mrpD,865060,866548,1	mrpE,866550,867066,1	mrpF,867065,867350,1	mrpG,867327,867720,1	
NC_010382:mrpG,616693,617062,-1	mrpF,617045,617327,-1	mrpE,617323,617803,-1	mrpD,617807,619295,-1	mrpC,619287,619629,-1	mrpB,619628,620051,-1	mrpA,620037,622449,-1	
NC_000964:mrpA,3246597,3249003,1	mrpB,3248995,3249427,1	mrpC,3249426,3249768,1	mrpD,3249760,3251242,1	mrpE,3251247,3251724,1	mrpF,3251723,3252008,1	mrpG,3251991,3252366,1	
NC_018665:mrpA,1516832,1519238,1	mrpB,1519234,1519675,1	mrpC,1519678,1520020,1	mrpD,1520012,1521497,1	mrpE,1521500,1521977,1	mrpF,1521976,1522261,1	mrpG,1522244,1522619,1	
NC_013205:
NC_014483:
