purB,a	purC,b	purD,c	purE,d	purF,e	purH,f	purK,g	purL,h	purM,i	purN,j	purQ,k	purS,l	
NC_011999:purE,739984,740422,1	purK,740408,741527,1	purC,741523,742225,1	purS,742226,742487,1	purQ,742486,743149,1	purL,743151,745338,1	purF,745295,746735,1	purM,746737,747760,1	purN,747761,748328,1	purH,748339,749818,1	purD,749827,751063,1	purB,1782906,1784202,-1	
NC_007350:purB,909047,910343,1	purD,1783761,1785006,-1	purH,1785030,1786509,-1	purN,1786524,1787091,-1	purM,1787093,1788122,-1	purF,1788114,1789602,-1	purL,1789580,1791770,-1	purQ,1791762,1792434,-1	purS,1792433,1792694,-1	purC,1792696,1793398,-1	purK,1793402,1794530,-1	purE,1794516,1794999,-1	
NC_018065:purE,528279,528768,1	purK,528764,529889,1	purB,529902,531204,1	purC,531232,531943,1	purS,531946,532192,1	purQ,532196,532880,1	purL,532866,535098,1	purF,535073,536492,1	purM,536516,537572,1	purN,537571,538144,1	purH,538374,539910,1	purD,540396,541647,1	
NC_013791:purE,348589,349075,1	purK,349071,350199,1	purB,350241,351543,1	purC,351616,352339,1	purS,352326,352578,1	purQ,352574,353258,1	purL,353241,355467,1	purF,355442,356855,1	purM,356891,357926,1	purN,357925,358519,1	purH,358515,360045,1	purD,360060,361335,1	
NC_004193:purE,787046,787538,1	purK,787524,788658,1	purB,788654,789950,1	purC,789965,790679,1	purS,790675,790921,1	purQ,790924,791611,1	purL,791594,793823,1	purF,793798,795205,1	purM,795230,796250,1	purN,796246,796816,1	purH,796821,798354,1	purD,798371,799643,1	
NC_018704:purE,435606,436098,1	purK,436084,437206,1	purB,437217,438513,1	purC,438579,439290,1	purS,439286,439538,1	purQ,439534,440212,1	purL,440195,442424,1	purF,442399,443821,1	purM,443813,444842,1	purN,444831,445422,1	purH,445456,446986,1	purD,447046,448297,1	
NC_009848:purE,633120,633609,1	purK,633601,634744,1	purB,634740,636036,1	purC,636108,636831,1	purS,636823,637078,1	purQ,637074,637758,1	purL,637741,639973,1	purF,639948,641379,1	purM,641474,642515,1	purN,642511,643081,1	purH,643096,644635,1	purD,644647,645922,1	
NC_017668:purE,601804,602296,1	purK,602285,603413,1	purB,603431,604724,1	purC,604825,605548,1	purS,605535,605781,1	purQ,605781,606465,1	purL,606448,608677,1	purF,608652,610065,1	purM,610083,611106,1	purN,611102,611681,1	purH,611677,613207,1	purD,613225,614491,1	
NC_002570:purE,676723,677209,1	purK,677205,678345,1	purB,678378,679680,1	purC,679737,680451,1	purS,680480,680735,1	purQ,680731,681415,1	purL,681398,683630,1	purF,683605,685027,1	purM,685039,686077,1	purN,686073,686640,1	purH,686654,688190,1	purD,688210,689497,1	
NC_002976:purE,644204,644687,1	purK,644673,645801,1	purC,645801,646506,1	purS,646505,646766,1	purQ,646767,647439,1	purL,647431,649621,1	purF,649599,651084,1	purM,651076,652108,1	purN,652107,652674,1	purH,652690,654169,1	purD,654194,655436,1	purB,1511230,1512526,-1	
NC_014829:purE,447288,447774,1	purK,447770,448898,1	purB,448926,450222,1	purC,450335,451049,1	purS,451048,451303,1	purQ,451299,451983,1	purL,451966,454189,1	purF,454173,455586,1	purM,455601,456639,1	purN,456635,457214,1	purH,457217,458753,1	purD,458957,460232,1	
NC_015634:purD,2737227,2738475,-1	purH,2738697,2740227,-1	purN,2740223,2740808,-1	purM,2740809,2741856,-1	purF,2741875,2743300,-1	purL,2743284,2745534,-1	purQ,2745517,2746153,-1	purS,2746197,2746452,-1	purC,2746444,2747155,-1	purB,2747243,2748539,-1	purK,2748531,2749680,-1	purE,2749672,2750179,-1	
NC_010184:purE,312635,313121,1	purK,313117,314269,1	purB,314265,315573,1	purC,315661,316381,1	purS,316373,316628,1	purQ,316624,317308,1	purL,317291,319511,1	purF,319495,320911,1	purM,321011,322052,1	purN,322048,322636,1	purH,322660,324196,1	purD,324893,326165,1	
NC_014219:purE,758321,758807,1	purK,758803,759949,1	purB,759989,761288,1	purC,761324,762038,1	purS,762034,762295,1	purQ,762291,762975,1	purL,762958,765190,1	purF,765165,766590,1	purM,766592,767639,1	purN,767635,768214,1	purH,768210,769749,1	purD,769808,771077,1	
NC_006510:purE,282791,283280,1	purK,283272,284421,1	purB,284417,285713,1	purC,285788,286517,1	purS,286504,286759,1	purQ,286755,287442,1	purL,287425,289654,1	purF,289629,291042,1	purM,291165,292206,1	purN,292202,292835,1	purH,292797,294336,1	purD,294359,295652,1	
NC_022524:purE,274444,274927,1	purK,274913,276074,1	purB,276070,277363,1	purC,277429,278149,1	purS,278141,278396,1	purQ,278392,279079,1	purL,279062,281279,1	purF,281263,282676,1	purM,282737,283766,1	purN,283786,284380,1	purH,284405,285941,1	purD,285956,287243,1	
NC_014098:purE,803536,804055,1	purB,804109,805426,1	purC,805455,806166,1	purS,806166,806421,1	purQ,806423,807104,1	purL,807096,809508,1	purF,809504,810992,1	purM,810988,812149,1	purN,812145,812796,1	purH,812861,814400,1	purD,814422,815751,1	
NC_012673:purE,2170846,2171335,1	purK,2171334,2172429,1	purB,2172425,2173718,1	purC,2173767,2174472,1	purS,2174468,2174711,1	purQ,2174707,2175388,1	purL,2175371,2177591,1	purF,2177566,2178976,1	purM,2178988,2180023,1	purN,2180019,2180598,1	purH,2180594,2182115,1	purD,2182129,2183383,1	
NC_012491:purE,560382,560871,1	purK,560867,562031,1	purB,562027,563323,1	purC,618209,618929,1	purS,618921,619170,1	purQ,619174,619867,1	purL,619847,622091,1	purF,622075,623494,1	purM,623550,624591,1	purN,624587,625193,1	purH,627172,628723,1	purD,628802,630080,1	
NC_012914:purE,1018409,1018895,1	purK,1018891,1020058,1	purB,1020065,1021361,1	purS,1022646,1022889,1	purQ,1022892,1023588,1	purL,1023565,1025809,1	purF,1025793,1027272,1	purM,1027302,1028346,1	purN,1028345,1028957,1	purH,1029005,1030556,1	purD,1030661,1031930,1	
NC_014019:purE,240988,241477,1	purK,241469,242615,1	purB,242611,243904,1	purC,243978,244686,1	purS,244693,244945,1	purQ,244941,245628,1	purL,245611,247843,1	purF,247818,249234,1	purM,249260,250298,1	purN,250294,250873,1	purH,250976,252515,1	purD,252528,253803,1	
NC_013893:purB,1078247,1079543,1	purD,1870029,1871277,-1	purH,1871299,1872778,-1	purN,1872793,1873360,-1	purM,1873359,1874391,-1	purF,1874383,1875868,-1	purL,1875846,1878036,-1	purQ,1878028,1878700,-1	purS,1878701,1878962,-1	purC,1878961,1879666,-1	purK,1879666,1880794,-1	purE,1880780,1881263,-1	
NC_013891:purD,1784401,1785664,-1	purH,1785690,1787220,-1	purN,1787239,1787794,-1	purM,1787790,1788840,-1	purF,1788855,1790283,-1	purL,1790267,1792487,-1	purQ,1792479,1793163,-1	purS,1793166,1793412,-1	purC,1793423,1794137,-1	purB,1794218,1795511,-1	purK,1795529,1796654,-1	purE,1796646,1797135,-1	
NC_012121:purE,690145,690622,1	purK,690608,691736,1	purC,691735,692440,1	purS,692439,692706,1	purQ,692705,693377,1	purL,693369,695559,1	purF,695537,696959,1	purM,696963,698001,1	purN,697997,698564,1	purH,698581,700060,1	purD,700084,701332,1	purB,1507250,1508549,-1	
NC_023134:purE,805997,806564,1	purK,806560,807856,1	purB,807899,809219,1	purC,809277,810177,1	purS,810267,810510,1	purQ,810583,811279,1	purL,811325,813500,1	purF,813541,815059,1	purM,815153,816200,1	purN,816196,816820,1	purH,816988,818578,1	purD,818596,819877,1	
NC_016935:purK,3655537,3656716,1	purD,8081777,8083037,-1	purH,8083844,8085032,-1	purN,8085028,8085658,-1	purM,8085654,8086698,-1	purF,8087904,8089446,-1	purL,8089469,8091716,-1	purQ,8091693,8092389,-1	purS,8092435,8092681,-1	purC,8092796,8093690,-1	purB,8093723,8095019,-1	purE,8096262,8096748,-1	
NC_011567:purE,252067,252556,1	purK,252539,253688,1	purB,253660,254980,1	purC,255045,255768,1	purS,255755,256010,1	purQ,256006,256693,1	purL,256676,258899,1	purF,258817,260302,1	purM,260264,261302,1	purN,261298,261901,1	purH,261878,263414,1	purD,263429,264710,1	
NC_006582:purE,1115879,1116371,1	purK,1116367,1117498,1	purB,1117517,1118816,1	purC,1118840,1119560,1	purS,1119552,1119804,1	purQ,1119800,1120484,1	purL,1120467,1122693,1	purF,1122668,1124081,1	purM,1124104,1125142,1	purN,1125138,1125723,1	purH,1125719,1127255,1	purD,1127265,1128561,1	
NC_010382:purE,228462,228951,1	purK,228947,230072,1	purB,230085,231381,1	purC,231510,232221,1	purS,232223,232472,1	purQ,232474,233158,1	purL,233144,235379,1	purF,235354,236779,1	purM,236872,237928,1	purN,237927,238497,1	purH,238602,240129,1	purD,240202,241462,1	
NC_000964:purE,698611,699100,1	purK,699092,700235,1	purB,700231,701527,1	purC,701600,702326,1	purS,702318,702573,1	purQ,702569,703253,1	purL,703236,705465,1	purF,705440,706871,1	purM,706972,708013,1	purN,708009,708597,1	purH,708593,710132,1	purD,710147,711416,1	
NC_018665:purE,434238,434730,1	purK,434726,435830,1	purB,435826,437122,1	purC,437182,437890,1	purS,437886,438135,1	purQ,438131,438815,1	purL,438795,441015,1	purF,440990,442400,1	purM,442419,443454,1	purN,443450,444026,1	purH,444022,445543,1	purD,445563,446820,1	
NC_013205:purN,238001,238622,1	purB,448678,449971,1	purC,449997,450717,1	purS,450713,450974,1	purQ,450970,451651,1	purL,451643,453878,1	purF,453898,455341,1	purM,455344,456373,1	purH,456406,457975,1	purD,457987,459274,1	purK,2190017,2191205,-1	purE,2191176,2191689,-1	
NC_014483:purE,829835,830321,1	purK,830317,831493,1	purB,831495,832794,1	purS,834532,834778,1	purQ,834782,835472,1	purL,835449,837693,1	purF,837677,839159,1	purM,839860,840901,1	purN,840900,841515,1	purH,841645,843193,1	purD,843264,844530,1	
