rhgT,a	yesL,b	yesM,c	yesN,d	yesO,e	yesP,f	yesQ,g	yesR,h	yesS,i	yesU,j	yesV,k	
NC_011999:yesM,114569,116321,1	yesP,371388,372255,1	yesQ,372254,373067,1	yesN,1747265,1747889,-1	
NC_007350:
NC_018065:yesS,439209,440004,1	yesL,560059,560677,-1	yesP,562222,563140,1	yesQ,563164,563968,1	yesN,2415829,2417374,-1	yesM,2417376,2419146,-1	yesR,2419368,2420475,-1	
NC_013791:yesS,1718836,1720297,-1	yesL,1954132,1954732,-1	yesQ,1955303,1956155,-1	yesP,1956166,1957084,-1	yesM,2703910,2705659,-1	yesN,3143135,3143771,-1	
NC_004193:yesP,829655,830531,1	yesQ,830543,831416,1	yesM,831447,833181,1	yesN,833181,834735,1	rhgT,2114812,2115508,-1	rhgT,2114812,2115508,-1	yesR,2116094,2117201,-1	yesL,2124622,2125273,1	yesS,2125305,2127615,1	
NC_018704:yesN,255654,257199,1	yesV,261278,261983,1	yesM,262014,263763,1	yesS,1450832,1451702,1	yesL,1974323,1974941,1	yesQ,1974976,1975840,-1	yesP,1975855,1976734,-1	
NC_009848:rhgT,860344,860974,1	rhgT,860344,860974,1	yesL,2667928,2668612,-1	yesR,2670464,2671577,-1	yesP,2671595,2672561,-1	yesS,2672780,2675093,1	yesN,3223233,3224652,-1	yesM,3224645,3225920,-1	
NC_017668:yesM,339123,340878,1	yesN,340874,341612,1	yesP,959330,960209,1	yesQ,960223,961045,1	yesL,961090,961705,-1	yesS,3427920,3429126,-1	
NC_002570:yesN,615113,615719,-1	rhgT,1204474,1205575,1	rhgT,1204474,1205575,1	yesO,1209139,1210444,1	yesP,1210496,1211453,1	yesQ,1211449,1212295,1	yesR,1212320,1213397,1	yesL,1213393,1214026,1	yesM,1214118,1215879,1	yesS,1215892,1217473,1	
NC_002976:yesM,2465379,2466918,1	yesN,2466929,2467685,1	
NC_014829:yesM,519986,521420,1	yesS,521426,522965,1	yesL,540322,541012,1	yesV,609433,610156,1	yesV,609433,610156,1	yesO,1228317,1229631,1	yesP,1229716,1230628,1	yesQ,1230641,1231475,1	
NC_015634:yesQ,545327,546155,-1	yesP,546167,547382,-1	yesS,1111134,1111380,-1	yesN,1547605,1547965,-1	yesM,2419717,2421076,-1	
NC_010184:yesP,556225,557158,1	yesQ,557154,557976,1	yesS,3558069,3558660,1	yesN,5177693,5178341,-1	yesM,5212950,5214720,-1	
NC_014219:yesN,305315,305972,-1	yesP,349257,350181,1	yesQ,350180,351032,1	yesL,351063,351729,1	yesM,478583,480290,1	yesS,480295,481870,1	
NC_006510:yesP,728166,729447,1	yesQ,729446,730289,1	yesN,1363578,1363935,1	yesS,1950290,1951496,-1	yesM,1951509,1953294,-1	
NC_022524:yesO,1482441,1483734,1	yesP,1483808,1484789,1	yesQ,1484785,1485661,1	rhgT,1979646,1980333,-1	yesS,1980628,1982851,1	yesR,1983312,1984461,1	yesQ,4191521,4192394,-1	yesP,4192415,4193393,-1	yesV,4193501,4194137,-1	yesN,4309006,4310569,-1	yesM,4310561,4312328,-1	yesL,4312330,4312972,-1	
NC_014098:yesP,2099578,2100520,1	yesQ,2100516,2101326,1	yesN,3331624,3331987,-1	
NC_012673:yesN,468711,469443,-1	yesQ,1243046,1243871,-1	yesP,1243883,1244849,-1	yesM,2288131,2289883,1	yesS,2289879,2290590,1	
NC_012491:yesS,322886,323456,1	yesQ,6147084,6147942,-1	yesP,6147893,6148835,-1	yesO,6148871,6150170,-1	yesN,6150288,6151482,-1	yesM,6151453,6153091,-1	
NC_012914:yesN,1723050,1724667,1	yesM,1724663,1726439,1	yesO,1726557,1728009,1	yesP,1728100,1729048,1	yesQ,1729044,1729875,1	yesL,2518028,2518814,1	yesS,4504437,4505268,-1	yesR,4505418,4506516,1	rhgT,4665632,4666739,-1	yesU,4668942,4669629,-1	
NC_014019:yesM,567853,569674,1	yesN,569651,571235,1	yesS,648755,649649,-1	yesQ,3772319,3773141,-1	yesP,3773156,3774059,-1	yesO,3774082,3775324,-1	
NC_013893:
NC_013891:yesS,111421,112255,1	yesS,111421,112255,1	yesQ,2043609,2044581,-1	yesP,2044599,2045529,-1	yesN,2045644,2047129,-1	yesM,2047128,2048862,-1	yesL,2048923,2049535,-1	
NC_012121:
NC_023134:yesS,940463,940778,1	yesV,1136030,1136750,1	yesQ,3046649,3047573,-1	yesP,3047629,3048559,-1	yesN,3048895,3050440,-1	yesM,3050450,3052358,-1	
NC_016935:yesU,1516167,1516869,1	yesL,2147626,2148466,1	rhgT,2632371,2633472,1	yesR,2633606,2634644,1	yesS,2634719,2637056,1	yesP,2637377,2638343,1	yesQ,2638359,2639229,1	yesO,6006582,6007908,-1	yesN,6008085,6009639,-1	yesM,6009641,6011411,-1	
NC_011567:yesM,1321692,1323132,1	yesS,1323055,1324342,1	yesQ,1590439,1591252,-1	yesP,1591248,1592127,-1	yesN,1919049,1920315,-1	
NC_006582:yesM,424203,425949,1	yesN,425905,427012,1	yesO,427146,428460,1	yesP,428485,429430,1	yesQ,429434,430277,1	yesS,449237,450134,1	yesL,873061,873694,-1	yesR,1255797,1256910,1	yesV,1257375,1258083,1	
NC_010382:yesN,386733,387381,1	yesM,595986,597237,1	yesP,804719,805568,1	yesQ,806008,806407,1	yesV,1339252,1339921,1	yesS,4352572,4353910,1	
NC_000964:yesL,758092,758722,1	yesM,758718,760452,1	yesN,760451,761558,1	yesO,761661,762945,1	yesP,762941,763871,1	yesQ,763874,764765,1	yesR,764780,765815,1	yesS,765837,768123,1	rhgT,768136,768835,1	yesU,768827,769490,1	yesV,769486,770113,1	
NC_018665:yesP,354849,355815,1	yesQ,355828,356614,1	yesM,582068,583871,1	yesS,583867,584575,1	yesN,1677159,1677525,-1	
NC_013205:yesN,703029,703632,1	yesQ,865946,866768,1	yesO,866866,868249,1	yesP,868312,869251,1	yesS,951791,953009,1	
NC_014483:yesM,789359,791090,1	yesN,791067,792627,1	yesO,792803,794096,1	yesP,794333,795242,1	yesQ,795247,796087,1	rhgT,796200,797313,1	yesR,797355,798420,1	yesL,3391641,3392265,-1	yesP,3392286,3393246,-1	yesQ,3393515,3394415,1	yesS,3394411,3396673,-1	rhgT,3396841,3398338,1	
