ctc,a	glmU,b	prs,c	pth,d	yabK,e	
NC_011999:pth,2048204,2048774,-1	ctc,2048886,2049537,-1	prs,2049766,2050732,-1	glmU,2050763,2052122,-1	
NC_007350:pth,2330857,2331430,-1	ctc,2331625,2332288,-1	prs,2332418,2333384,-1	glmU,2333531,2334887,-1	
NC_018065:pth,41359,41923,-1	ctc,43333,43987,-1	prs,44210,45170,-1	glmU,45196,46567,-1	
NC_013791:glmU,61895,63254,1	prs,63324,64275,1	ctc,64412,65048,1	pth,65137,65695,1	yabK,65788,66016,1	
NC_004193:glmU,56253,57621,1	prs,57650,58604,1	ctc,58741,59389,1	pth,59593,60157,1	yabK,60240,60471,1	
NC_018704:glmU,53546,54923,1	prs,54944,55898,1	ctc,56070,56712,1	pth,56833,57394,1	yabK,57500,57731,1	
NC_009848:glmU,35304,36705,1	prs,36727,37681,1	ctc,37818,38445,1	pth,38584,39151,1	yabK,39206,39437,1	
NC_017668:glmU,64761,66141,1	prs,66156,67110,1	ctc,67194,67857,1	pth,68021,68585,1	yabK,68667,68898,1	
NC_002570:glmU,80674,82042,1	prs,82066,83017,1	ctc,83117,83765,1	pth,83930,84488,1	
NC_002976:glmU,126759,128115,1	prs,128258,129224,1	ctc,129393,130053,1	pth,130305,130878,1	
NC_014829:glmU,65192,66572,1	prs,66585,67536,1	ctc,67635,68274,1	pth,68345,68960,1	yabK,69043,69274,1	
NC_015634:glmU,35316,36693,1	prs,36706,37669,1	ctc,37870,38500,1	pth,39013,39571,1	yabK,39706,39931,1	
NC_010184:glmU,51000,52380,1	prs,52398,53352,1	pth,53361,53985,1	yabK,54055,54280,1	
NC_014219:glmU,60678,62037,1	prs,62080,63031,1	ctc,63129,63771,1	pth,63890,64466,1	
NC_006510:glmU,54475,55852,1	prs,55864,56812,1	ctc,56889,57522,1	pth,57582,58143,1	yabK,58253,58484,1	
NC_022524:glmU,59323,60697,1	prs,60725,61682,1	ctc,61865,62501,1	pth,62567,63131,1	yabK,63263,63494,1	
NC_014098:glmU,63808,65218,1	prs,65214,66165,1	ctc,66244,66883,1	pth,67003,67558,1	yabK,67678,67912,1	
NC_012673:ctc,82125,82773,1	pth,1638223,1638781,-1	prs,1638836,1639793,-1	glmU,1639838,1641194,-1	
NC_012491:glmU,101749,103135,1	prs,103157,104108,1	ctc,104198,104807,1	pth,104911,105481,1	yabK,105542,105773,1	
NC_012914:glmU,36845,38246,1	ctc,38305,38959,1	pth,39085,39646,1	yabK,39709,39940,1	prs,181174,182128,1	
NC_014019:glmU,58022,59402,1	prs,59420,60374,1	ctc,60561,61191,1	pth,61330,61888,1	yabK,61947,62178,1	
NC_013893:pth,2472636,2473209,-1	ctc,2473532,2474183,-1	prs,2474340,2475306,-1	glmU,2475458,2476814,-1	
NC_013891:glmU,176508,177882,1	prs,177931,178888,1	ctc,200966,201590,1	pth,202368,202923,1	
NC_012121:glmU,150050,151415,1	prs,151518,152484,1	ctc,152741,153386,1	pth,153872,154445,1	
NC_023134:prs,250517,251468,1	yabK,3889066,3889297,-1	pth,3889393,3889954,-1	ctc,3892808,3893408,-1	glmU,3893486,3894884,-1	
NC_016935:prs,200217,201168,1	yabK,8367108,8367339,-1	pth,8367449,8368010,-1	ctc,8368244,8368898,-1	glmU,8369054,8370452,-1	
NC_011567:glmU,51368,52775,1	prs,52792,53743,1	ctc,53799,54426,1	pth,54422,55046,1	yabK,55064,55343,1	
NC_006582:glmU,94478,95843,1	prs,95868,96819,1	ctc,96938,97595,1	pth,97652,98210,1	yabK,98363,98597,1	
NC_010382:glmU,73426,74821,1	prs,74845,75805,1	ctc,76068,76665,1	pth,76766,77378,1	
NC_000964:glmU,56351,57722,1	prs,57744,58698,1	ctc,58782,59397,1	pth,59503,60070,1	yabK,60129,60360,1	
NC_018665:glmU,56331,57588,1	prs,57651,58608,1	pth,58725,59283,1	ctc,1427089,1427758,-1	
NC_013205:glmU,195332,196745,1	prs,196734,197679,1	pth,197692,198268,1	
NC_014483:glmU,38271,39669,1	prs,39728,40682,1	pth,41148,41709,1	yabK,41795,42026,1	ctc,3861927,3862569,-1	
