abfA,a	araA,b	araB,c	araD,d	araL,e	araM,f	araN,g	araP,h	araQ,i	
NC_011999:araN,370038,371331,1	araP,371388,372255,1	araQ,372254,373067,1	araL,595788,596574,1	
NC_007350:
NC_018065:araP,562222,563140,1	araQ,563164,563968,1	araL,1157950,1158715,1	araB,3904447,3905944,-1	
NC_013791:araQ,1955303,1956155,-1	araP,1956166,1957084,-1	araN,1957302,1958619,-1	araB,2506468,2507995,1	araL,3239830,3240598,-1	
NC_004193:araL,2790479,2791298,-1	araA,2876494,2877979,-1	araD,2877956,2878652,-1	araB,3249316,3250816,-1	araQ,3559794,3560604,-1	araP,3560621,3561593,-1	araN,3561627,3562884,-1	
NC_018704:araB,276897,278391,1	araL,612043,612808,1	araQ,2229292,2230144,-1	araP,2230149,2231073,-1	araN,2231254,2232550,-1	abfA,2268621,2270136,-1	araA,2271728,2273216,-1	araD,2273240,2273927,-1	
NC_009848:araA,2331228,2332650,-1	araD,2332667,2333372,-1	abfA,2517771,2519250,-1	araL,2886086,2886857,-1	araN,3578885,3580151,1	araP,3580289,3581528,1	araQ,3581529,3582372,1	
NC_017668:araB,963163,964663,1	araM,1666111,1667164,-1	araL,2868481,2869264,-1	araQ,3178308,3179148,-1	araP,3179134,3180103,-1	araN,3180167,3181448,-1	
NC_002570:araL,1156737,1157550,1	araD,1950572,1951268,1	araB,1951291,1952983,1	araA,1953025,1954519,1	abfA,1954568,1956065,1	araN,2014715,2015996,1	araP,2016059,2016977,1	araQ,2016990,2017848,1	araL,3540860,3541640,-1	
NC_002976:
NC_014829:araN,635420,636737,1	araP,636782,637715,1	araQ,637730,638552,1	abfA,706841,708359,-1	araD,1382924,1383623,1	araB,1383646,1385317,1	araA,1385333,1386818,1	araM,2428246,2429302,1	araL,3651193,3651961,-1	
NC_015634:araB,405370,406909,-1	araL,766344,767172,1	araA,2156415,2157840,-1	araD,2157871,2158570,-1	araP,2992744,2993683,1	araQ,2993679,2994498,1	araN,2994761,2996105,1	
NC_010184:araD,378364,379006,1	araP,556225,557158,1	araQ,557154,557976,1	araB,2153388,2154927,1	araL,4755928,4756693,-1	
NC_014219:araN,331954,333301,1	araP,333465,334443,1	araQ,334439,335279,1	abfA,351725,353234,1	araD,354277,354973,1	araB,354998,356657,1	araA,356693,358172,1	araM,359451,360618,1	araL,1348817,1349594,1	
NC_006510:araA,1940771,1942265,-1	araB,1942278,1943973,-1	araD,1943989,1944676,-1	araQ,2161483,2162311,-1	araP,2162326,2163634,-1	araN,2163816,2165136,-1	araL,2994826,2995597,-1	
NC_022524:araN,233793,235053,1	araP,235194,236091,1	araQ,236131,236956,1	araB,861667,863167,1	abfA,2792579,2794100,-1	araL,3855318,3856083,-1	
NC_014098:araL,501300,502092,1	araN,2097425,2098703,1	araP,2099578,2100520,1	araQ,2100516,2101326,1	araD,3102906,3103557,1	
NC_012673:araL,739904,740684,-1	araQ,1243046,1243871,-1	araP,1243883,1244849,-1	
NC_012491:araB,2817171,2818722,-1	araQ,4973776,4974604,-1	araP,4974621,4975569,-1	araN,4975598,4976930,-1	araL,6073092,6073881,-1	
NC_012914:araQ,666162,667014,-1	araP,667029,667917,-1	araN,668036,669311,-1	araD,1611061,1611712,1	araA,2875122,2876616,1	araL,3051859,3052672,1	araD,4818251,4818944,-1	araB,7051241,7052762,-1	
NC_014019:araN,905132,906410,1	araP,906482,907337,1	araQ,907405,908212,1	araB,1862860,1864363,1	araA,3436255,3437680,-1	araD,3437709,3438408,-1	araL,4785896,4786667,-1	
NC_013893:
NC_013891:araP,154445,155324,1	araQ,155323,156172,1	araN,156199,157459,1	araD,182087,182789,1	araB,514895,516398,1	araL,2371407,2372175,-1	
NC_012121:
NC_023134:araP,345877,346816,1	araQ,346828,347662,1	araN,352090,353449,1	araB,1919607,1921179,-1	araL,2937645,2938428,1	
NC_016935:araD,2043848,2044583,1	araB,2044598,2046269,1	araN,2806009,2807251,1	araA,3220616,3222107,1	abfA,5672275,5673766,-1	araQ,5673814,5674675,-1	araP,5674798,5675617,-1	araL,7400625,7401426,1	araM,7459786,7461226,-1	
NC_011567:araD,567291,567987,1	araB,568002,569697,1	araA,569713,571216,1	abfA,573143,574652,1	araM,1552900,1553938,1	araQ,1998185,1999001,-1	araP,1999013,1999904,-1	araN,2000007,2001276,-1	araL,2392972,2393764,-1	
NC_006582:araL,450279,451068,1	araM,451064,452249,1	araD,452232,452940,1	araB,452936,454622,1	araA,454614,456075,1	araQ,723015,723846,-1	araP,723858,724788,-1	araN,724804,725983,-1	abfA,3497196,3498693,-1	
NC_010382:araL,588909,589662,1	araP,804719,805568,1	araQ,806008,806407,1	
NC_000964:abfA,2938329,2939832,-1	araQ,2939850,2940696,-1	araP,2940696,2941638,-1	araN,2941673,2942975,-1	araM,2943005,2944190,-1	araL,2944186,2945005,-1	araD,2944982,2945672,-1	araB,2945688,2947371,-1	araA,2947384,2948875,-1	
NC_018665:araP,354849,355815,1	araQ,355828,356614,1	araL,2130049,2130814,-1	
NC_013205:araN,1251892,1253233,1	araP,1253311,1254259,1	araQ,1254251,1255079,1	araL,1936518,1937379,-1	abfA,2961118,2962624,-1	araM,2963858,2965052,-1	araA,2965109,2966594,-1	araD,2966627,2967338,-1	araB,2967331,2969026,-1	
NC_014483:araQ,265966,266791,-1	araP,266787,267684,-1	araN,267785,269075,-1	abfA,361745,363260,1	abfA,361745,363260,1	araM,1772176,1773439,1	araL,2819189,2820035,-1	araA,5292295,5293723,-1	araD,5293754,5294450,-1	
