iolI,a	iolJ,b	yxdJ,c	yxdK,d	yxdL,e	yxdM,f	yxeA,g	
NC_011999:yxdJ,283578,284241,1	yxdK,284240,285137,1	yxdL,285231,285981,1	iolJ,1915589,1916447,-1	
NC_007350:yxdL,325395,326157,1	yxdM,326146,328042,1	iolJ,790082,790943,1	yxdJ,1117626,1118337,1	yxdK,1118336,1120025,1	
NC_018065:yxdJ,255297,255978,1	yxdK,255974,256946,1	yxdL,257043,257805,1	yxdM,257794,259780,1	iolJ,3515297,3516152,-1	
NC_013791:yxdM,418956,420900,-1	yxdL,420889,421651,-1	yxdK,421754,422762,-1	yxdJ,422766,423447,-1	iolJ,3670289,3671153,-1	yxdJ,3671424,3671787,-1	
NC_004193:yxdJ,882653,883337,1	yxdK,883342,884347,1	yxdL,884457,885222,1	yxdM,885211,887158,1	iolJ,3113938,3114793,-1	iolI,3367967,3368804,-1	
NC_018704:yxdJ,493969,494653,1	yxdK,494664,495714,1	yxdL,495853,496630,1	yxdM,496632,498555,1	iolJ,2166133,2166988,-1	
NC_009848:iolJ,1811672,1812542,-1	yxdJ,2604546,2605323,1	yxdK,2605322,2606327,1	yxdL,2606432,2607194,1	yxdM,2607183,2609121,1	
NC_017668:iolJ,3559148,3560012,-1	yxdJ,3982791,3983481,1	yxdK,3983477,3984482,1	yxdL,3984682,3985444,1	yxdM,3985433,3987374,1	
NC_002570:yxdM,814177,816106,-1	yxdL,816074,816857,-1	yxdK,817006,818068,-1	yxdJ,818067,818766,-1	iolJ,2437062,2437929,-1	iolI,2437964,2438813,-1	
NC_002976:yxdJ,315483,316158,1	yxdK,316150,317191,1	yxdL,317336,318098,1	yxdM,318087,319977,1	iolJ,1771076,1771937,-1	
NC_014829:yxdJ,697970,698648,1	yxdK,698644,699676,1	yxdL,699767,700526,1	yxdM,700522,702484,1	iolI,4065324,4066173,-1	iolJ,4422313,4423177,-1	
NC_015634:yxdM,1374584,1376528,-1	yxdL,1376517,1377276,-1	yxdK,1377375,1378380,-1	yxdJ,1378376,1379069,-1	iolJ,2900893,2901751,-1	yxdJ,2901962,2902328,-1	
NC_010184:yxdJ,2363783,2364488,1	yxdK,2364487,2365474,1	yxdL,2365617,2366388,1	yxdM,2366362,2368333,1	yxeA,4636607,4637009,-1	yxeA,4636607,4637009,-1	
NC_014219:yxdK,598543,600625,1	yxdJ,2883123,2883834,-1	yxdL,2883946,2884714,1	yxdM,2884700,2886569,1	iolJ,3431361,3432216,-1	yxdJ,3432542,3432902,-1	
NC_006510:iolJ,1916265,1917153,-1	iolI,1923496,1924339,-1	yxdJ,2367168,2367855,1	yxdK,2367854,2368859,1	yxdL,2368952,2369708,1	yxdM,2369704,2371630,1	
NC_022524:yxdM,2659319,2661200,-1	yxdL,2661174,2661945,-1	yxdK,2661974,2663027,-1	yxdJ,2663033,2663732,-1	iolJ,4505123,4505981,-1	yxdJ,4506281,4506656,-1	
NC_014098:yxdL,115829,116552,1	yxdJ,266718,267423,-1	yxdK,267511,268627,1	iolJ,2949827,2950691,1	
NC_012673:iolJ,994723,995593,-1	yxdM,1133449,1135282,-1	yxdL,1135268,1136030,-1	yxdJ,1136136,1136826,1	iolJ,1318596,1319451,-1	
NC_012491:yxdK,611281,612373,1	yxdL,1482996,1483764,1	yxdM,1483750,1485679,1	yxeA,1485699,1486071,1	yxdJ,1486177,1486876,1	iolJ,6159509,6160373,-1	
NC_012914:iolI,791972,792803,1	yxdM,5563363,5565292,-1	yxdL,5565266,5566043,-1	yxdK,5566188,5567247,-1	yxdJ,5567243,5567966,-1	iolJ,6933032,6933890,-1	
NC_014019:yxdJ,3248695,3249388,1	yxdK,3249380,3250385,1	yxdL,3250485,3251247,1	yxdM,3251236,3253180,1	iolJ,3379638,3380508,-1	iolI,3380524,3381382,-1	
NC_013893:iolJ,961334,962192,1	yxdM,2243618,2245508,-1	yxdL,2245497,2246259,-1	yxdK,2246345,2247386,-1	yxdJ,2247378,2248053,-1	
NC_013891:iolJ,345815,346676,1	yxdJ,1311859,1312540,1	yxdK,1312536,1313988,1	yxdL,2155456,2156224,1	yxdM,2156210,2158151,1	iolI,2271613,2272468,1	yxeA,2401004,2401346,1	
NC_012121:yxdJ,311274,311955,1	yxdK,311941,312985,1	yxdL,313077,313839,1	yxdM,313828,315733,1	iolJ,1645252,1646110,-1	
NC_023134:yxdJ,167662,168511,1	yxdK,168511,170338,1	yxdL,507967,508759,1	yxdM,508775,510623,1	iolJ,1179086,1179959,-1	
NC_016935:iolI,1264744,1265584,-1	yxdM,1473762,1475661,-1	yxdL,1475635,1476406,-1	yxdK,1476492,1477500,-1	yxdJ,1477570,1478095,-1	iolI,2564317,2565169,1	
NC_011567:yxdL,394512,395517,1	yxdJ,1039953,1040688,1	yxdK,1040684,1042448,1	iolJ,2715403,2716291,-1	yxdJ,2716468,2716858,-1	
NC_006582:iolI,422021,422843,1	iolI,422021,422843,1	yxeA,706703,707060,1	yxdJ,3350181,3350892,1	yxdK,3350888,3351941,1	yxdL,3352046,3352826,1	yxdM,3352800,3354702,1	
NC_010382:yxdM,847418,849185,-1	yxdL,849249,849990,-1	yxdK,850114,851101,-1	yxdJ,851097,851697,-1	iolJ,1038383,1039238,1	
NC_000964:yxeA,4068188,4068536,-1	yxdM,4068549,4070418,-1	yxdL,4070392,4071166,-1	yxdK,4071309,4072287,-1	yxdJ,4072283,4072973,-1	iolJ,4073080,4073953,-1	iolI,4073973,4074810,-1	
NC_018665:yxdL,2289216,2289981,-1	yxdK,2289973,2290966,-1	yxdJ,2291004,2291652,-1	yxdM,2291734,2293651,-1	yxdL,2293637,2294399,-1	iolJ,2508694,2509549,-1	
NC_013205:iolI,2221517,2222360,-1	yxdL,2322515,2323484,-1	yxdL,2323501,2324467,-1	yxdJ,2324926,2325622,1	yxdK,2325637,2326927,1	
NC_014483:yxdJ,170197,170566,1	iolJ,170813,171668,1	yxdJ,2544322,2545024,1	yxdK,2545020,2546007,1	yxdL,2546108,2546888,1	yxdM,2546853,2548866,1	
