oppA,a	oppB,b	oppC,c	oppD,d	oppF,e	yjbB,f	
NC_011999:oppB,648720,649650,1	oppC,649649,650699,1	oppD,650713,651787,1	oppF,651786,652983,1	oppA,653214,654852,1	
NC_007350:oppA,293558,295037,1	oppB,295033,296014,1	oppC,296010,296832,1	oppD,296824,297604,1	oppF,297596,298286,1	
NC_018065:oppF,585006,585915,-1	oppD,585917,586964,-1	oppC,586978,587911,-1	oppB,587910,588840,-1	oppA,588986,590603,-1	
NC_013791:oppF,24322,25336,-1	oppD,25316,26345,-1	oppB,26377,27298,-1	oppC,27315,28212,-1	oppA,28535,30152,1	
NC_004193:oppC,2301721,2302636,-1	oppB,2302656,2303625,-1	oppA,2303701,2305501,-1	oppF,2305594,2306587,-1	oppD,2306583,2307570,-1	
NC_018704:oppD,28118,29129,1	oppF,29125,30058,1	oppB,30065,31028,1	oppC,31048,31969,1	oppA,32059,33859,1	
NC_009848:yjbB,668566,669799,1	oppD,1146546,1147527,1	oppF,1147523,1148546,1	oppA,1148629,1150261,1	oppB,1150489,1151440,1	oppC,1151473,1152373,1	
NC_017668:oppA,1309826,1311521,1	oppB,1311695,1312622,1	oppC,1312628,1313762,1	oppD,1313777,1314839,1	oppF,1314835,1315777,1	
NC_002570:oppF,39461,40478,-1	oppD,40458,41502,-1	oppB,41560,42505,-1	oppC,42523,43429,-1	oppA,43755,45372,1	yjbB,2871796,2873014,-1	
NC_002976:oppB,563382,564309,1	oppC,564437,565379,1	oppD,565393,566473,1	oppF,566465,567404,1	oppA,567430,569074,1	
NC_014829:oppD,150104,151166,1	oppF,151152,152088,1	oppB,152093,153056,1	oppC,153078,153984,1	oppA,154003,155806,1	
NC_015634:oppD,886649,887681,1	oppF,887667,888594,1	oppB,888681,889578,1	oppC,889591,890500,1	oppA,890518,892306,1	
NC_010184:oppB,184298,185216,1	oppC,185232,186237,1	oppD,186193,187204,1	oppF,187200,187974,1	oppA,187987,189598,1	
NC_014219:oppF,1105270,1106275,-1	oppD,1106261,1107263,-1	oppC,1107268,1108825,-1	oppB,1108860,1109784,-1	oppA,1109876,1111523,-1	
NC_006510:oppA,839362,840949,1	oppB,841072,842002,1	oppC,842001,843021,1	oppD,843042,844104,1	oppF,844096,845032,1	yjbB,2878936,2880184,1	
NC_022524:yjbB,1180143,1181337,1	oppD,1371330,1372356,1	oppF,1372355,1373369,1	oppA,1373418,1375152,1	oppB,1375185,1376151,1	oppC,1376164,1377085,1	
NC_014098:oppF,2841975,2842824,-1	oppD,2842820,2843810,-1	oppC,2843824,2844697,-1	oppB,2844702,2845707,-1	oppA,2845766,2847386,-1	
NC_012673:oppA,2708611,2710231,1	oppB,2710538,2711465,1	oppC,2711464,2712490,1	oppD,2712513,2713587,1	oppF,2713586,2714537,1	
NC_012491:yjbB,1077630,1078860,1	oppD,2092570,2093539,1	oppF,2093557,2094529,1	oppA,2094657,2096313,1	oppB,2096412,2097417,1	oppC,2097433,2098339,1	
NC_012914:oppF,314200,315106,-1	oppD,315092,316124,-1	oppC,316181,317027,-1	oppB,317031,317982,-1	oppA,318062,319679,-1	
NC_014019:oppD,660138,661161,1	oppF,661160,662144,1	oppA,662187,663927,1	oppB,663955,664921,1	oppC,664932,665847,1	yjbB,2798407,2799640,-1	
NC_013893:oppF,683704,684058,-1	oppD,684323,685097,-1	oppC,685063,685831,-1	oppB,685820,686780,-1	oppA,686772,688335,-1	
NC_013891:oppF,2227299,2228262,-1	oppD,2228258,2229335,-1	oppC,2229352,2230387,-1	oppB,2230386,2231316,-1	oppA,2231597,2233277,-1	
NC_012121:oppB,590712,591639,1	oppC,591638,592703,1	oppD,592717,593800,1	oppF,593789,594833,1	oppA,594847,596512,1	
NC_023134:oppD,2053307,2054327,1	oppF,2054343,2055240,1	oppB,2055247,2056219,1	oppC,2056237,2057143,1	oppA,2057157,2058957,1	
NC_016935:oppF,306121,307138,-1	oppD,307134,308160,-1	oppC,308167,309112,-1	oppB,309135,310092,-1	oppA,310114,311848,-1	
NC_011567:oppD,381460,382540,1	oppF,382490,383483,1	oppA,383530,385135,1	oppB,385140,386205,1	oppC,386219,387113,1	yjbB,1273473,1274703,1	
NC_006582:oppA,618178,619768,-1	oppB,620084,621050,1	oppC,621049,621940,1	oppD,621950,622967,1	oppF,622855,623959,1	
NC_010382:oppA,2335199,2336984,1	oppB,2337103,2338012,1	oppC,2338011,2338986,1	oppD,2338978,2340052,1	oppF,2340038,2340992,1	yjbB,2439048,2440260,1	
NC_000964:oppA,1219848,1221486,1	oppB,1221593,1222529,1	oppC,1222532,1223450,1	oppD,1223454,1224531,1	oppF,1224532,1225450,1	yjbB,1225556,1226774,1	
NC_018665:oppF,1848058,1849012,-1	oppD,1849011,1850085,-1	oppC,1850112,1851144,-1	oppB,1851143,1852070,-1	oppA,1852320,1853934,-1	
NC_013205:oppF,2538245,2539202,-1	oppD,2539191,2540181,-1	oppC,2540180,2541071,-1	oppB,2541108,2542074,-1	oppA,2542132,2544244,-1	
NC_014483:oppA,298929,300549,1	oppB,300621,301572,1	oppC,301576,302422,1	oppD,302497,303535,1	oppF,303527,304490,1	yjbB,4388341,4389718,-1	
