tenA,a	tenI,b	thiF,c	thiG,d	thiO,e	thiS,f	yjbV,g	
NC_011999:thiF,124183,125170,-1	thiG,125166,125934,-1	thiO,126113,127220,-1	yjbV,1888069,1888873,-1	tenA,1888857,1889526,-1	
NC_007350:thiF,673878,674883,1	tenA,816771,817461,1	yjbV,817453,818275,1	
NC_018065:tenA,1451595,1452288,1	yjbV,1453005,1453818,1	tenI,1453801,1454419,1	thiF,1692672,1693434,1	
NC_013791:tenA,1061453,1062131,-1	thiF,1215333,1216350,1	thiG,1230212,1230992,1	thiO,1231016,1232129,1	yjbV,1232188,1232992,1	
NC_004193:tenI,501448,502069,-1	yjbV,502877,503672,-1	tenA,503668,504352,-1	
NC_018704:
NC_009848:tenA,1181195,1181906,1	tenI,1181865,1182498,1	thiO,1182481,1183594,1	thiS,1183590,1183794,1	thiG,1183798,1184566,1	thiF,1184562,1185576,1	yjbV,1185592,1186399,1	
NC_017668:thiF,2387696,2388722,-1	thiG,2388718,2389486,-1	thiS,2389490,2389694,-1	thiO,2389690,2390824,-1	tenI,2390816,2391440,-1	yjbV,3873931,3874744,-1	tenA,3874740,3875430,-1	
NC_002570:thiF,1505525,1506548,1	tenI,1519729,1520365,1	thiG,1520558,1521344,1	thiO,1521370,1522468,1	yjbV,1522485,1523298,1	tenA,2800622,2801297,1	
NC_002976:yjbV,1742501,1743323,-1	tenA,1743315,1744005,-1	thiO,2097005,2098124,1	thiG,2098309,2099077,1	thiF,2099078,2100077,1	
NC_014829:yjbV,873429,874272,-1	thiG,874891,875659,1	tenI,876832,877432,1	thiS,877435,877636,1	thiF,877656,878676,1	thiO,2205884,2207009,1	tenA,4564799,4565474,1	
NC_015634:tenA,673432,674254,1	tenA,673432,674254,1	yjbV,1433527,1434334,1	thiF,2044999,2046001,-1	
NC_010184:tenI,742655,743282,1	thiO,743274,744384,1	thiS,744399,744603,1	thiG,744605,745376,1	thiF,745368,746388,1	yjbV,746394,747216,1	tenA,2597698,2598385,-1	
NC_014219:tenA,2822200,2822878,-1	tenA,2822200,2822878,-1	thiF,2915726,2916734,-1	thiG,2916730,2917501,-1	thiO,2917697,2918768,-1	tenI,2918764,2919322,-1	
NC_006510:tenA,643475,644159,1	tenA,643475,644159,1	tenI,647037,647643,1	thiO,647646,648780,1	thiS,648776,648980,1	thiG,648976,649750,1	thiF,649746,650772,1	
NC_022524:tenI,541995,542652,1	thiO,542635,543787,1	thiS,543783,543987,1	thiG,543988,544756,1	thiF,544752,545775,1	yjbV,4553421,4554258,1	
NC_014098:thiO,493689,494808,-1	tenI,494917,495574,-1	thiF,1309402,1310425,-1	thiG,1821540,1822332,-1	thiS,1822354,1822555,-1	yjbV,2637166,2638030,-1	
NC_012673:tenI,1494112,1494754,-1	yjbV,1494722,1495562,-1	tenA,1496346,1497021,-1	thiO,1799560,1800763,-1	thiF,1878351,1879362,1	
NC_012491:thiF,704257,705412,1	thiO,945109,946213,1	thiO,945109,946213,1	yjbV,2218642,2219437,1	tenA,3284206,3284887,-1	thiG,3286182,3286953,-1	thiS,3286961,3287165,-1	
NC_012914:yjbV,6192555,6193383,-1	thiO,6193406,6194513,-1	thiG,6194547,6195327,-1	thiS,6195334,6195532,-1	tenI,6195515,6196160,-1	thiF,6196182,6197205,-1	tenA,6200176,6200869,-1	
NC_014019:tenI,512547,513171,1	thiO,513154,514282,1	thiS,514278,514482,1	thiG,514487,515255,1	thiF,515251,516271,1	yjbV,516293,517103,1	tenA,865166,865838,1	
NC_013893:thiF,548443,549442,-1	thiG,549441,550209,-1	thiO,550394,551510,-1	tenI,551502,552093,-1	tenA,986926,987604,1	yjbV,987608,988430,1	
NC_013891:
NC_012121:yjbV,1616113,1616935,-1	tenA,1616931,1617618,-1	tenI,2088656,2089127,1	thiO,2089130,2090258,1	thiG,2090443,2091211,1	thiF,2091207,2092260,1	
NC_023134:tenI,546109,546742,1	thiO,546725,547538,1	thiS,547603,547798,1	thiG,547799,548600,1	yjbV,548596,549523,1	thiF,3987329,3988379,1	
NC_016935:thiS,1073210,1073411,1	thiG,1073440,1074214,1	thiF,1749546,1750620,-1	thiO,2058412,2059564,-1	yjbV,2060467,2061313,1	tenI,6333686,6334331,-1	tenA,7291208,7291871,-1	
NC_011567:yjbV,2292088,2292970,-1	thiF,2292881,2293901,-1	thiG,2293900,2294668,-1	thiS,2294669,2294873,-1	thiO,2294856,2295978,-1	tenI,2295965,2296580,-1	tenA,2299393,2300089,-1	
NC_006582:tenA,732063,732735,1	thiF,1851046,1852060,1	tenI,1861117,1861747,1	thiG,1861943,1862735,1	thiO,1862740,1863847,1	yjbV,1863867,1864686,1	
NC_010382:
NC_000964:tenA,1242448,1243159,1	tenI,1243133,1243751,1	thiO,1243734,1244844,1	thiS,1244843,1245044,1	thiG,1245040,1245811,1	thiF,1245807,1246818,1	yjbV,1246836,1247652,1	
NC_018665:tenA,941863,942580,1	tenI,1180733,1181330,1	thiO,1181326,1182331,1	thiS,1182315,1182519,1	thiG,1182520,1183288,1	thiF,1878232,1878997,-1	yjbV,2676989,2677805,1	
NC_013205:tenA,1981458,1982157,1	yjbV,1982140,1983034,1	thiF,2550761,2551793,-1	thiG,2551808,2552588,-1	thiS,2552660,2552861,-1	thiO,2552838,2553996,-1	tenI,2553982,2554675,-1	
NC_014483:thiF,2798369,2799431,-1	thiG,2799427,2800195,-1	thiO,2800397,2801546,-1	tenI,2801610,2802204,-1	tenA,4082273,4082993,1	tenA,4082273,4082993,1	
