mmgA,a	mmgB,b	mmgC,c	mmgD,d	prpB,e	prpD,f	
NC_011999:
NC_007350:mmgD,1114709,1115828,1	mmgA,2490659,2491844,-1	mmgB,2491875,2494134,-1	mmgC,2494192,2495401,-1	
NC_018065:mmgB,1127505,1129890,1	mmgA,1130011,1131184,1	mmgC,1131233,1133018,1	mmgD,1297709,1298825,1	prpB,3827755,3828619,-1	
NC_013791:prpB,2508045,2509338,-1	mmgD,2946235,2947351,-1	mmgC,3272981,3274766,-1	mmgA,3274814,3275996,-1	mmgB,3276022,3278404,-1	
NC_004193:prpB,2309745,2310651,-1	prpD,2310664,2312101,-1	mmgD,2312125,2313232,-1	mmgC,2442791,2444576,-1	mmgA,2444608,2445784,-1	mmgB,2445805,2448199,-1	
NC_018704:
NC_009848:prpB,1908182,1909100,-1	prpD,1909112,1910549,-1	mmgD,1910551,1911694,-1	mmgC,2927484,2929266,-1	mmgA,2929280,2930456,-1	mmgB,2930468,2932856,-1	
NC_017668:mmgD,2719124,2720240,-1	mmgC,2893366,2895148,-1	mmgA,2895163,2896339,-1	mmgB,2896360,2898760,-1	prpB,2918083,2919379,-1	
NC_002570:mmgC,3593701,3595486,-1	mmgA,3595507,3596689,-1	mmgB,3596709,3599091,-1	prpB,4057879,4058782,-1	prpD,4058799,4060236,-1	mmgD,4060252,4061359,-1	
NC_002976:
NC_014829:mmgD,3431524,3432640,-1	mmgC,3681452,3683234,-1	mmgA,3683285,3684467,-1	mmgB,3684491,3686879,-1	
NC_015634:mmgD,596646,597774,1	prpD,597892,599341,1	prpB,599356,600283,1	mmgC,2218317,2220102,-1	mmgA,2220449,2221628,-1	mmgB,2221806,2224191,-1	
NC_010184:mmgD,2212684,2213806,1	prpD,2213904,2215341,1	prpB,2215359,2216268,1	mmgC,2216423,2218133,1	mmgC,4795015,4796842,-1	mmgA,4797062,4798235,-1	mmgB,4798256,4800638,-1	
NC_014219:mmgB,1316401,1318792,1	mmgA,1318879,1320061,1	mmgC,1320087,1321866,1	mmgD,1547349,1548465,1	prpB,1777160,1778444,1	
NC_006510:prpB,693199,694486,1	mmgD,2757857,2758976,-1	mmgC,3028085,3029870,-1	mmgA,3030007,3031180,-1	mmgB,3031207,3033595,-1	
NC_022524:prpB,304785,306069,1	mmgD,3603491,3604610,-1	mmgC,3886106,3887891,-1	mmgA,3887971,3889147,-1	mmgB,3889206,3891591,-1	
NC_014098:prpB,1000273,1001551,-1	mmgB,1058572,1060975,1	mmgA,1061032,1062211,1	mmgC,1062280,1064065,1	mmgD,2390989,2392117,-1	
NC_012673:mmgD,619432,620545,-1	mmgC,767621,769406,-1	mmgA,769419,770592,-1	mmgB,770610,773022,-1	prpB,1861559,1862837,1	
NC_012491:prpB,35791,37081,1	mmgD,1431832,1432945,1	mmgC,5148205,5149984,-1	mmgA,5150009,5151188,-1	mmgB,5151206,5153615,-1	
NC_012914:mmgC,3193481,3194579,1	mmgA,3194593,3195772,1	mmgB,3195780,3196668,1	mmgC,3196695,3197820,1	prpB,3197816,3198731,1	mmgD,3198731,3199850,1	prpD,3199885,3201328,1	
NC_014019:prpB,752846,754364,1	mmgD,4595923,4597042,-1	mmgC,4806195,4807980,-1	mmgA,4808003,4809182,-1	mmgB,4809194,4811399,-1	
NC_013893:
NC_013891:
NC_012121:mmgD,1310705,1311824,-1	mmgC,2483676,2484885,1	mmgB,2484929,2487191,1	mmgA,2487221,2488406,1	
NC_023134:mmgB,1475214,1477611,1	mmgA,1477637,1478864,1	mmgC,1478925,1480704,1	prpB,1978785,1979679,-1	mmgD,3379232,3380345,-1	
NC_016935:mmgD,1806257,1807370,1	mmgC,6722181,6723963,-1	mmgA,6724020,6725205,-1	mmgB,6725228,6727628,-1	
NC_011567:mmgD,541770,542889,1	prpB,2223879,2225160,-1	mmgC,2723877,2725017,-1	mmgC,2725013,2726165,-1	mmgB,2726178,2727039,-1	mmgA,2727038,2728241,-1	
NC_006582:mmgD,1922466,1923588,1	prpD,1923610,1925044,1	prpB,1925063,1925972,1	mmgC,3106151,3107936,-1	mmgA,3107959,3109120,-1	mmgB,3109156,3111520,-1	
NC_010382:mmgB,553066,555451,1	mmgA,555499,556672,1	mmgC,556928,558713,1	mmgC,2929510,2931169,-1	prpB,2931214,2932129,-1	prpD,2932171,2933605,-1	mmgD,2933703,2934825,-1	
NC_000964:prpB,2507297,2508203,-1	prpD,2508220,2509639,-1	mmgD,2509653,2510772,-1	mmgC,2510805,2511945,-1	mmgB,2511972,2512836,-1	mmgA,2512860,2514042,-1	
NC_018665:mmgD,2014826,2015939,-1	mmgC,2153193,2154978,-1	mmgA,2154974,2156165,-1	mmgB,2156182,2158600,-1	
NC_013205:mmgD,870917,872030,1	prpD,872119,873565,1	prpB,873580,874504,1	mmgB,1658166,1660560,1	mmgA,1660599,1661784,1	mmgC,1661813,1663595,1	
NC_014483:
