comGA,a	comGB,b	comGC,c	comGD,d	comGE,e	comGF,f	comGG,g	
NC_011999:comGC,1290267,1290600,-1	comGB,1290612,1291686,-1	comGA,1291636,1292608,-1	
NC_007350:comGA,1254983,1255958,1	comGB,1255929,1256994,1	comGC,1257021,1257333,1	
NC_018065:comGA,1715909,1716803,1	comGB,1716783,1717857,1	comGC,1717872,1718187,1	
NC_013791:comGC,2609849,2610155,-1	comGB,2612482,2613547,-1	comGA,2613543,2614578,-1	
NC_004193:comGA,1939242,1940250,1	comGB,1940212,1941253,1	comGC,1941265,1941568,1	
NC_018704:comGC,1199631,1199955,-1	comGB,1199963,1200986,-1	comGA,1200957,1202058,-1	
NC_009848:comGF,2222863,2223313,-1	comGE,2223302,2223620,-1	comGD,2223603,2223999,-1	comGC,2224042,2224336,-1	comGB,2224352,2225393,-1	comGA,2225373,2226444,-1	
NC_017668:comGA,2472966,2473962,1	comGB,2474054,2474984,1	comGC,2475001,2475301,1	
NC_002570:comGC,2947652,2947961,-1	comGB,2950212,2951184,-1	comGA,2951239,2952286,-1	
NC_002976:comGC,1148807,1149125,-1	comGB,1149142,1150210,-1	comGA,1150181,1151165,-1	
NC_014829:comGA,1865438,1866494,1	comGB,1866490,1867513,1	
NC_015634:comGC,1727826,1728138,-1	comGB,1728205,1729168,-1	comGA,1729169,1730294,-1	
NC_010184:comGC,4098156,4098456,-1	comGB,4098467,4099505,-1	comGA,4099491,4100535,-1	
NC_014219:comGC,2514973,2515294,-1	comGB,2515414,2516440,-1	comGA,2516436,2517513,-1	
NC_006510:comGC,2460962,2461259,-1	comGB,2461461,2462478,-1	comGA,2462486,2463560,-1	
NC_022524:comGC,3291392,3291704,-1	comGB,3291717,3292749,-1	comGA,3292735,3293803,-1	
NC_014098:
NC_012673:comGA,493161,493968,-1	
NC_012491:
NC_012914:comGA,2479101,2480766,1	comGA,2480848,2481892,1	comGB,2481891,2483100,1	
NC_014019:comGC,4329281,4329593,-1	comGB,4329607,4330654,-1	comGA,4330644,4331697,-1	
NC_013893:comGA,1409722,1410697,1	comGB,1410668,1411733,1	comGC,1411747,1412062,1	
NC_013891:comGC,1279340,1279664,-1	comGB,1279678,1280710,-1	comGA,1280675,1281710,-1	
NC_012121:comGC,1179684,1180011,-1	comGB,1180028,1181102,-1	comGA,1181073,1182048,-1	
NC_023134:
NC_016935:comGB,7983714,7984920,-1	comGA,7984919,7985966,-1	comGA,7985984,7987652,-1	
NC_011567:comGA,920477,921554,1	comGB,921537,922569,1	comGC,922576,922879,1	comGD,922871,923309,1	
NC_006582:comGC,2625888,2626203,-1	comGB,2628092,2629130,-1	comGA,2629116,2630142,-1	
NC_010382:comGC,3530769,3531102,-1	comGB,3531112,3532186,-1	comGA,3532160,3533180,-1	
NC_000964:comGG,2556136,2556511,-1	comGF,2556511,2556895,-1	comGE,2556920,2557268,-1	comGD,2557251,2557683,-1	comGC,2557672,2557969,-1	comGB,2557982,2558954,-1	comGA,2559006,2560077,-1	
NC_018665:comGA,888630,889473,1	
NC_013205:
NC_014483:
