comA,a	comP,b	comQ,c	comX,d	yuxO,e	
NC_011999:comP,146951,147983,1	comA,147993,148644,1	yuxO,608157,608553,1	
NC_007350:comP,935904,936948,1	comA,936937,937567,1	yuxO,1913685,1914063,-1	
NC_018065:comP,2877158,2878184,1	comA,2878176,2878806,1	
NC_013791:comP,432699,433830,1	comA,433831,434431,1	
NC_004193:comP,1210938,1212009,1	comA,1212005,1212635,1	
NC_018704:comP,769202,770267,1	comA,770263,770890,1	
NC_009848:yuxO,2834730,2835120,-1	comA,2835143,2835785,-1	comP,2835865,2838172,-1	comQ,2838333,2839257,-1	
NC_017668:comP,1237077,1238142,1	comA,1238138,1238771,1	yuxO,2831916,2832312,1	
NC_002570:comP,1289894,1290950,1	comA,1290955,1291585,1	
NC_002976:yuxO,515267,515642,1	comP,900851,901946,1	comA,901942,902545,1	
NC_014829:comA,3108591,3109215,-1	comP,3109207,3110368,-1	
NC_015634:comP,703769,704933,1	comA,704935,705619,1	yuxO,2189097,2189484,-1	
NC_010184:comP,999960,1001178,1	comA,1001167,1001812,1	yuxO,4718236,4718620,-1	
NC_014219:comA,307196,307823,-1	comP,307809,308925,-1	
NC_006510:comP,475501,476536,1	comA,476528,477161,1	yuxO,1600869,1601280,1	
NC_022524:comP,579219,580263,1	comA,580255,580888,1	yuxO,3820124,3820511,-1	
NC_014098:yuxO,212799,213195,1	comP,598754,599759,1	comA,599752,600424,1	
NC_012673:comA,890947,891640,-1	comP,891662,892787,-1	
NC_012491:comP,411279,412377,1	comA,412348,413005,1	
NC_012914:comQ,1241384,1242305,1	comP,1243011,1245045,1	comA,1245022,1245679,1	
NC_014019:comP,1413078,1414125,1	comA,1414117,1414744,1	yuxO,4765049,4765433,-1	
NC_013893:comP,664779,665823,1	comA,665843,666497,1	yuxO,1993067,1993442,-1	
NC_013891:comP,966031,967090,1	comA,967086,967725,1	yuxO,2358853,2359243,-1	
NC_012121:yuxO,545397,545772,1	comA,1441858,1442488,-1	comP,1442493,1443618,-1	
NC_023134:comQ,3399981,3400956,-1	comA,3400977,3401607,-1	comP,3401603,3403925,-1	
NC_016935:comP,94569,95724,1	comA,95728,96454,1	
NC_011567:comQ,589584,590475,1	comP,590655,592917,1	comA,592856,593594,1	
NC_006582:comP,791006,792086,1	comA,792082,792730,1	
NC_010382:comA,4235147,4235750,-1	comP,4235742,4237965,-1	comQ,4238215,4239109,-1	
NC_000964:yuxO,3252404,3252785,-1	comA,3252803,3253448,-1	comP,3253528,3255838,-1	comX,3255852,3256020,-1	comQ,3256007,3256907,-1	
NC_018665:comA,593174,593804,-1	comP,593800,594826,-1	
NC_013205:comP,437625,438672,1	comA,438692,439367,1	yuxO,1094910,1095339,1	
NC_014483:comP,404111,405215,-1	comA,405207,405861,-1	
