rsbRA,a	rsbS,b	rsbT,c	rsbU,d	rsbV,e	rsbW,f	rsbX,g	sigB,h	
NC_011999:sigB,1870143,1870911,-1	rsbW,1870915,1871359,-1	rsbV,1871363,1871687,-1	rsbU,1871771,1872779,-1	
NC_007350:rsbU,835641,836643,1	rsbV,836721,837048,1	rsbW,837049,837532,1	sigB,837693,838272,1	
NC_018065:rsbT,458956,459358,1	rsbU,459371,460367,1	rsbV,460438,460771,1	rsbW,460770,461241,1	sigB,461218,462004,1	
NC_013791:rsbRA,247570,248389,1	rsbS,248405,248762,1	rsbT,248764,249178,1	rsbU,249190,250204,1	rsbV,250265,250598,1	rsbW,250594,251083,1	sigB,251042,251828,1	rsbX,251829,252429,1	
NC_004193:rsbRA,652242,653112,1	rsbS,653116,653473,1	rsbT,653475,653877,1	rsbU,653945,654959,1	rsbV,655039,655372,1	rsbW,655371,655848,1	sigB,655819,656611,1	rsbX,656607,657204,1	
NC_018704:rsbRA,348750,349620,1	rsbS,349624,349981,1	rsbT,349983,350382,1	rsbU,350399,351410,1	rsbV,351468,351807,1	rsbW,351803,352277,1	sigB,352251,353040,1	rsbX,353039,353633,1	
NC_009848:rsbRA,482588,483419,1	rsbS,483423,483792,1	rsbT,483794,484196,1	rsbU,484206,485214,1	rsbV,485273,485603,1	rsbW,485599,486088,1	sigB,486053,486842,1	rsbX,486841,487441,1	
NC_017668:rsbRA,398288,399158,1	rsbS,399163,399520,1	rsbT,399523,399925,1	rsbU,399939,400950,1	rsbV,401015,401348,1	rsbW,401347,401824,1	sigB,401795,402575,1	rsbX,402574,403171,1	
NC_002570:rsbRA,549934,550750,1	rsbS,550764,551121,1	rsbT,551125,551545,1	rsbU,551559,552573,1	rsbV,552644,552977,1	rsbW,552973,553462,1	sigB,553421,554207,1	rsbX,554207,554828,1	
NC_002976:sigB,1722804,1723575,-1	rsbW,1723549,1724029,-1	rsbV,1724030,1724357,-1	rsbU,1724456,1725458,-1	
NC_014829:rsbRA,364829,365654,1	rsbS,365665,366022,1	rsbT,366024,366429,1	rsbU,366443,367457,1	rsbV,367512,367842,1	rsbW,367844,368336,1	sigB,368298,369087,1	rsbX,369087,369693,1	
NC_015634:rsbX,2824748,2825255,-1	sigB,2825347,2826127,-1	rsbW,2826104,2826575,-1	rsbV,2826578,2826908,-1	rsbU,2826944,2827988,-1	rsbT,2828002,2828404,-1	rsbS,2828408,2828564,-1	rsbRA,2828768,2829602,-1	
NC_010184:rsbV,985721,986060,1	rsbW,986066,986549,1	sigB,986514,987288,1	rsbU,988123,989266,1	
NC_014219:rsbRA,565402,566263,1	rsbS,566243,566600,1	rsbT,566604,567006,1	rsbU,567032,568046,1	rsbV,568110,568440,1	rsbW,568439,568937,1	sigB,568899,569706,1	rsbX,569705,570317,1	
NC_006510:rsbV,3462168,3462519,1	rsbW,3462515,3463004,1	sigB,3462963,3463734,1	rsbU,3463783,3465694,-1	
NC_022524:rsbRA,258701,259535,1	rsbS,259531,259888,1	rsbT,259893,260295,1	rsbU,260306,261317,1	rsbV,261378,261711,1	rsbW,261707,262181,1	sigB,262158,262953,1	rsbX,262949,263546,1	
NC_014098:sigB,1843875,1844646,-1	rsbV,1845102,1845453,-1	
NC_012673:rsbU,432044,433157,-1	rsbV,2026422,2026749,1	rsbW,2026745,2027225,1	sigB,2027190,2027991,1	
NC_012491:rsbT,511074,511503,1	rsbU,511508,512510,1	rsbV,512535,512862,1	rsbW,512861,513356,1	sigB,513324,514113,1	
NC_012914:rsbU,58856,61349,1	rsbV,2718248,2718602,1	rsbW,2718601,2719045,1	sigB,2719064,2719820,1	
NC_014019:rsbRA,202452,203289,1	rsbS,203291,203648,1	rsbT,203651,204053,1	rsbU,204066,205077,1	rsbV,205136,205469,1	rsbW,205465,205951,1	sigB,205916,206711,1	rsbX,206710,207316,1	
NC_013893:rsbU,1005965,1006967,1	rsbV,1007057,1007384,1	rsbW,1007385,1007865,1	sigB,1007839,1008610,1	
NC_013891:rsbRA,846971,847808,1	rsbS,847813,848170,1	rsbT,848166,848583,1	rsbU,848599,849604,1	rsbV,849742,850087,1	rsbW,850070,850544,1	sigB,850521,851301,1	rsbX,851301,851901,1	
NC_012121:sigB,1593850,1594621,-1	rsbW,1594595,1595075,-1	rsbV,1595076,1595403,-1	rsbU,1595478,1596480,-1	
NC_023134:rsbV,1221798,1222218,1	rsbW,1222214,1222670,1	sigB,1222681,1223437,1	rsbU,3874770,3877284,-1	
NC_016935:rsbV,3400289,3400643,1	rsbW,3400639,3401086,1	sigB,3401098,3401854,1	rsbU,5748358,5749501,-1	
NC_011567:rsbV,1008156,1008513,1	rsbW,1008513,1008954,1	sigB,1008961,1009705,1	rsbU,1362628,1363765,1	
NC_006582:rsbRA,882726,883545,1	rsbS,883562,883919,1	rsbT,883921,884353,1	rsbU,884353,885370,1	rsbV,885434,885764,1	rsbW,885763,886246,1	sigB,886205,886991,1	rsbX,886992,887619,1	
NC_010382:sigB,4176834,4177620,-1	rsbW,4177597,4178068,-1	rsbV,4178067,4178451,-1	rsbU,4178469,4179477,-1	rsbT,4179480,4179882,-1	
NC_000964:rsbRA,519407,520232,1	rsbS,520236,520602,1	rsbT,520605,521007,1	rsbU,521018,522026,1	rsbV,522087,522417,1	rsbW,522413,522896,1	sigB,522861,523650,1	rsbX,523649,524249,1	
NC_018665:rsbU,984391,985495,1	sigB,2582815,2583421,-1	rsbW,2583578,2584061,-1	rsbV,2584057,2584384,-1	
NC_013205:sigB,1804818,1805589,-1	rsbW,1805601,1806063,-1	rsbV,1806068,1806413,-1	
NC_014483:sigB,3062853,3063609,-1	rsbW,3063620,3064076,-1	rsbV,3064072,3064426,-1	rsbU,4359104,4360286,-1	
