divIVA,a	sepF,b	ylmD,c	ylmE,d	ylmG,e	ylmH,f	
NC_011999:ylmD,818819,819749,1	ylmE,819726,820389,1	sepF,820398,820920,1	ylmH,821284,822058,1	divIVA,822072,822639,1	
NC_007350:divIVA,1650468,1651071,-1	ylmH,1651210,1651849,-1	ylmG,1652097,1652388,-1	sepF,1652401,1653007,-1	ylmE,1653012,1653687,-1	ylmD,1653704,1654493,-1	
NC_018065:ylmD,2475355,2476117,1	divIVA,3151436,3151982,-1	ylmH,3152077,3152866,-1	ylmG,3153065,3153326,-1	sepF,3153348,3153885,-1	ylmE,3153896,3154565,-1	
NC_013791:divIVA,2400756,2401251,-1	ylmH,2401389,2402163,-1	ylmG,2402216,2402471,-1	sepF,2402497,2402944,-1	ylmE,2402979,2403669,-1	ylmD,2403703,2404522,-1	
NC_004193:ylmD,1518616,1519387,1	ylmE,1519408,1520080,1	sepF,1520106,1520541,1	ylmG,1520547,1520814,1	ylmH,1520828,1521605,1	divIVA,1521697,1522201,1	
NC_018704:divIVA,1612404,1612902,-1	ylmH,1612991,1613774,-1	ylmG,1613784,1614048,-1	sepF,1614061,1614499,-1	ylmE,1614510,1615191,-1	ylmD,1615216,1616029,-1	
NC_009848:ylmD,1490267,1491107,1	ylmE,1491113,1491803,1	sepF,1491804,1492263,1	ylmG,1492269,1492551,1	ylmH,1492604,1493381,1	divIVA,1493407,1493902,1	
NC_017668:ylmD,1883468,1884269,1	ylmE,1884287,1884956,1	sepF,1884986,1885436,1	ylmG,1885439,1885712,1	ylmH,1885789,1886563,1	divIVA,1886593,1887175,1	
NC_002570:divIVA,2672534,2673032,-1	ylmH,2673142,2673919,-1	ylmG,2673945,2674200,-1	sepF,2674236,2674686,-1	ylmE,2674712,2675399,-1	ylmD,2675440,2676262,-1	
NC_002976:ylmD,751272,752064,1	ylmE,752089,752758,1	sepF,752771,753365,1	ylmG,753376,753667,1	ylmH,753922,754585,1	divIVA,754607,755264,1	
NC_014829:ylmD,2388403,2389228,-1	divIVA,2788110,2788605,-1	ylmH,2788702,2789476,-1	ylmG,2789530,2789797,-1	sepF,2789820,2790228,-1	ylmE,2790249,2790933,-1	
NC_015634:ylmD,1088573,1089398,1	ylmE,1089394,1090072,1	sepF,1090098,1090548,1	ylmH,1090886,1091663,1	divIVA,1091770,1092286,1	
NC_010184:divIVA,3776479,3776986,-1	ylmH,3777075,3777843,-1	ylmG,3777858,3778122,-1	sepF,3778128,3778599,-1	ylmE,3778618,3779293,-1	ylmD,3779298,3780108,-1	
NC_014219:ylmE,1858087,1858768,1	sepF,1858794,1859223,1	ylmG,1859243,1859501,1	divIVA,1860356,1860851,1	ylmD,2748532,2749429,1	
NC_006510:ylmD,1149655,1150480,1	ylmE,1150476,1151151,1	sepF,1151164,1151593,1	ylmG,1151596,1151869,1	ylmH,1151991,1152765,1	divIVA,1152843,1153356,1	
NC_022524:ylmD,1694200,1695028,1	ylmE,1695028,1695700,1	sepF,1695716,1696157,1	ylmG,1696163,1696427,1	ylmH,1696535,1697309,1	divIVA,1697431,1697947,1	
NC_014098:divIVA,1851825,1852332,-1	ylmG,1852498,1852810,-1	sepF,1852810,1853236,-1	ylmE,1853236,1853986,-1	ylmD,1853982,1854831,-1	
NC_012673:ylmD,2805158,2805920,1	ylmE,2805916,2806570,1	sepF,2806593,2807064,1	ylmG,2807068,2807338,1	ylmH,2807341,2808112,1	divIVA,2808130,2808679,1	
NC_012491:divIVA,4004249,4004741,-1	ylmH,4004841,4005615,-1	ylmG,4005627,4005894,-1	sepF,4005925,4006354,-1	ylmE,4006396,4007095,-1	ylmD,4007115,4007946,-1	
NC_012914:divIVA,4421270,4421810,-1	ylmH,4421910,4422684,-1	ylmG,4422698,4422971,-1	sepF,4422978,4423446,-1	ylmE,4423448,4424177,-1	ylmD,4424181,4425036,-1	
NC_014019:divIVA,4113421,4113916,-1	ylmH,4114000,4114774,-1	ylmG,4114825,4115095,-1	sepF,4115098,4115563,-1	ylmE,4115579,4116263,-1	ylmD,4116270,4116921,-1	
NC_013893:divIVA,1780450,1781083,-1	ylmH,1781106,1781901,-1	ylmG,1781963,1782260,-1	sepF,1782271,1782850,-1	ylmE,1782863,1783532,-1	ylmD,1783550,1784342,-1	
NC_013891:divIVA,2062338,2062866,-1	ylmH,2068153,2068930,-1	ylmG,2069055,2069346,-1	sepF,2069368,2069827,-1	ylmE,2069830,2070520,-1	
NC_012121:ylmD,798842,799637,1	ylmE,799649,800324,1	sepF,800320,800950,1	ylmG,800962,801259,1	ylmH,801494,802106,1	divIVA,802130,802748,1	
NC_023134:divIVA,2445955,2446459,-1	ylmH,2446569,2447352,-1	ylmG,2447363,2447648,-1	sepF,2447681,2448113,-1	ylmE,2448138,2448822,-1	ylmD,2448840,2449710,-1	
NC_016935:divIVA,6502177,6502657,-1	ylmH,6502872,6503655,-1	ylmG,6503670,6504393,-1	ylmE,6504427,6505117,-1	ylmD,6505348,6506035,-1	
NC_011567:divIVA,1806523,1807042,-1	ylmH,1807090,1807864,-1	ylmG,1807863,1808145,-1	sepF,1808138,1808564,-1	ylmE,1808560,1809262,-1	ylmD,1809245,1810076,-1	
NC_006582:divIVA,2473664,2474183,-1	ylmH,2474297,2475059,-1	ylmG,2475071,2475353,-1	sepF,2475377,2475845,-1	ylmE,2475862,2476552,-1	ylmD,2476559,2477348,-1	
NC_010382:ylmE,1535758,1536475,1	sepF,1536464,1536956,1	ylmG,1537063,1537258,1	ylmH,1537490,1538279,1	divIVA,1538374,1538899,1	ylmD,2086128,2086890,-1	
NC_000964:ylmD,1609326,1610163,1	ylmE,1610169,1610862,1	sepF,1610864,1611314,1	ylmG,1611320,1611593,1	ylmH,1611653,1612427,1	divIVA,1612520,1613015,1	
NC_018665:divIVA,1761178,1761700,-1	ylmH,1761726,1762500,-1	ylmG,1762499,1762772,-1	sepF,1762774,1763269,-1	ylmE,1763300,1763972,-1	ylmD,1763958,1764735,-1	
NC_013205:ylmD,1345684,1346473,1	ylmE,1346476,1347166,1	ylmH,1347473,1348241,1	divIVA,1348352,1348859,1	
NC_014483:divIVA,3416796,3417306,-1	ylmH,3417478,3418261,-1	ylmG,3418269,3418527,-1	sepF,3418534,3418987,-1	ylmE,3418977,3419679,-1	ylmD,3419687,3420572,-1	
