bcd,a	bkdAA,b	bkdAB,c	bkdB,d	buk,e	lpdV,f	ptb,g	
NC_011999:bkdAA,765794,766910,1	bkdAB,766913,767891,1	bkdB,767984,769268,1	lpdV,769272,770679,1	bcd,1267691,1268804,-1	
NC_007350:ptb,1275783,1276602,1	lpdV,1277642,1279064,1	bkdAA,1279080,1280079,1	bkdAB,1280071,1281055,1	bkdB,1281067,1282351,1	bcd,2232519,2233764,1	
NC_018065:bcd,1797070,1798165,1	lpdV,1798221,1799631,1	bkdAA,1799651,1800665,1	bkdAB,1800664,1801648,1	bkdB,1802068,1803421,1	
NC_013791:bkdB,2552496,2553813,-1	bkdAB,2553826,2554810,-1	bkdAA,2554825,2555818,-1	lpdV,2555846,2557268,-1	bcd,2557328,2558423,-1	
NC_004193:bkdB,1894783,1896067,-1	bkdAB,1896081,1897065,-1	bkdAA,1897080,1898067,-1	lpdV,1898085,1899507,-1	buk,1899522,1900599,-1	bcd,1900626,1901721,-1	
NC_018704:lpdV,1230698,1232126,1	bkdAA,1232122,1233121,1	bkdAB,1233196,1234183,1	bkdB,1234201,1235443,1	bcd,1415940,1417227,-1	
NC_009848:bkdB,2171253,2172510,-1	bkdAB,2172528,2173512,-1	bkdAA,2173524,2174517,-1	lpdV,2174534,2175959,-1	buk,2175948,2177070,-1	bcd,2177103,2178198,-1	ptb,2178223,2179117,-1	
NC_017668:bkdB,2420463,2421783,-1	bkdAB,2421799,2422783,-1	bkdAA,2422798,2423800,-1	lpdV,2423817,2425239,-1	buk,2425253,2426339,-1	bcd,2426363,2427458,-1	ptb,2427470,2428373,-1	
NC_002570:bkdB,2886472,2887753,-1	bkdAB,2887772,2888756,-1	bkdAA,2888772,2889765,-1	lpdV,2889785,2891210,-1	bcd,2891259,2892354,-1	
NC_002976:bcd,530331,531576,1	bkdAA,675507,676620,1	bkdAB,676623,677601,1	bkdB,677731,679033,1	lpdV,679037,680444,1	
NC_014829:ptb,1919418,1920333,1	bcd,1920365,1921466,1	buk,1921559,1922642,1	lpdV,1922677,1924105,1	bkdAA,1924132,1925128,1	bkdAB,1925135,1926119,1	bkdB,1926143,1927397,1	
NC_015634:bkdB,1680293,1681574,-1	bkdAB,1681598,1682582,-1	bkdAA,1682593,1683583,-1	lpdV,1683606,1685019,-1	bcd,1685041,1686145,-1	
NC_010184:bkdB,4027365,4028682,-1	bkdAB,4028697,4029681,-1	bkdAA,4029694,4030696,-1	lpdV,4030723,4032145,-1	buk,4032149,4033253,-1	bcd,4033340,4034441,-1	ptb,4034476,4035376,-1	
NC_014219:bkdB,2473091,2474348,-1	bkdAB,2474366,2475353,-1	bkdAA,2475357,2476353,-1	lpdV,2476389,2477817,-1	buk,2477870,2478959,-1	bcd,2478987,2480088,-1	ptb,2480115,2481027,-1	
NC_006510:bkdB,2406112,2407456,-1	bkdAB,2407633,2408617,-1	bkdAA,2408630,2409626,-1	lpdV,2409695,2411117,-1	buk,2411147,2412260,-1	bcd,2412315,2413419,-1	ptb,2413443,2414343,-1	
NC_022524:bkdB,3234495,3235800,-1	bkdAB,3236178,3237162,-1	bkdAA,3237174,3238170,-1	lpdV,3238401,3239823,-1	buk,3239834,3240941,-1	bcd,3241071,3242166,-1	ptb,3242197,3243124,-1	
NC_014098:bkdAA,293080,294163,1	bkdAB,294165,295146,1	bkdB,295164,296529,1	lpdV,296530,297940,1	bcd,1980605,1981871,1	
NC_012673:bkdB,458054,459374,-1	bkdAB,459386,460364,-1	bkdAA,460363,461371,-1	lpdV,461383,462793,-1	buk,462776,463868,-1	bcd,463869,464991,-1	ptb,465016,465913,-1	
NC_012491:bcd,2447010,2448102,1	lpdV,2448239,2449661,1	bkdAA,2449679,2450672,1	bkdAB,2450685,2451669,1	bkdB,2451689,2453027,1	
NC_012914:bkdAA,3068267,3069347,1	bkdAB,3069405,3070383,1	bkdB,3070570,3071875,1	lpdV,3071880,3073296,1	bcd,6841186,6842227,1	
NC_014019:bkdB,4276582,4277842,-1	bkdAB,4277857,4278841,-1	bkdAA,4278853,4279846,-1	lpdV,4279866,4281288,-1	buk,4281316,4282402,-1	bcd,4282492,4283596,-1	ptb,4283608,4284520,-1	
NC_013893:ptb,1430444,1431332,1	lpdV,1431543,1432968,1	bkdAA,1432983,1433982,1	bkdAB,1433974,1434958,1	bkdB,1434971,1436225,1	
NC_013891:ptb,1301832,1302699,1	buk,1302835,1303903,1	lpdV,1303916,1305344,1	bkdAA,1305368,1306364,1	bkdAB,1306380,1307364,1	bkdB,1307394,1308645,1	
NC_012121:bcd,560267,561512,1	bkdB,1154835,1156131,-1	bkdAB,1156149,1157133,-1	bkdAA,1157132,1158125,-1	lpdV,1158143,1159568,-1	buk,1159578,1160637,-1	ptb,1160843,1161734,-1	
NC_023134:bkdAA,924324,925437,1	bkdAB,925486,926467,1	bkdB,926525,927833,1	lpdV,927837,929253,1	bcd,1265425,1266676,1	
NC_016935:lpdV,3381890,3383360,1	bkdAA,3383489,3384500,1	bkdAB,3384501,3385482,1	bkdB,3385495,3386872,1	bcd,6023918,6024962,-1	
NC_011567:ptb,966674,967577,1	bcd,967593,968697,1	buk,968748,969864,1	lpdV,969873,971298,1	bkdAA,971309,972302,1	bkdAB,972304,973288,1	bkdB,973300,974599,1	
NC_006582:bkdB,2575095,2576352,-1	bkdAB,2576364,2577348,-1	bkdAA,2577347,2578349,-1	lpdV,2578362,2579784,-1	bcd,2579803,2580901,-1	
NC_010382:bkdB,3415122,3416469,-1	bkdAB,3416633,3417617,-1	bkdAA,3417616,3418633,-1	lpdV,3418720,3420148,-1	bcd,3420338,3421415,-1	
NC_000964:bkdB,2496795,2498070,-1	bkdAB,2498092,2499076,-1	bkdAA,2499089,2500082,-1	lpdV,2500103,2501528,-1	buk,2501548,2502640,-1	bcd,2502658,2503753,-1	ptb,2503764,2504664,-1	
NC_018665:ptb,917819,918740,1	bcd,918753,919878,1	buk,919891,920995,1	lpdV,921015,922386,1	bkdAA,922438,923413,1	bkdAB,923409,924393,1	bkdB,924406,925690,1	
NC_013205:lpdV,522555,523968,-1	bkdB,523971,525282,-1	bkdAB,525298,526279,-1	bkdAA,526280,527360,-1	bcd,1512908,1514003,-1	
NC_014483:lpdV,2789066,2790488,-1	bkdB,2790491,2792105,-1	bkdAB,2792139,2793120,-1	bkdAA,2793220,2794288,-1	
