infB,a	nusA,b	pnpA,c	rbfA,d	ribC,e	rpsO,f	truB,g	ylxP,h	ylxQ,i	ylxR,j	ylxS,k	
NC_011999:ylxS,930632,931100,1	nusA,931109,932171,1	ylxQ,932464,932797,1	infB,932789,934970,1	rbfA,946061,946406,1	truB,946463,947360,1	ribC,947369,948323,1	rpsO,948430,948700,1	pnpA,948814,950926,1	
NC_007350:pnpA,1545701,1547795,-1	rpsO,1547949,1548219,-1	ribC,1548323,1549295,-1	truB,1549308,1550226,-1	rbfA,1550453,1550798,-1	infB,1553797,1555903,-1	ylxQ,1555907,1556225,-1	ylxR,1556221,1556506,-1	nusA,1556523,1557717,-1	ylxS,1557740,1558208,-1	
NC_018065:pnpA,3005859,3007974,-1	rpsO,3008257,3008527,-1	ribC,3008663,3009614,-1	truB,3009624,3010536,-1	rbfA,3010891,3011236,-1	infB,3011572,3013945,-1	ylxQ,3013959,3014268,-1	ylxR,3014264,3014543,-1	nusA,3014582,3015710,-1	ylxS,3015724,3016210,-1	
NC_013791:pnpA,2271593,2273708,-1	rpsO,2273913,2274183,-1	ribC,2274312,2275260,-1	truB,2275295,2276216,-1	rbfA,2276325,2276667,-1	ylxP,2276691,2276973,-1	infB,2276969,2279075,-1	ylxQ,2279091,2279403,-1	ylxR,2279403,2279676,-1	nusA,2279695,2280832,-1	ylxS,2280874,2281345,-1	
NC_004193:ylxS,1633901,1634372,1	nusA,1634393,1635488,1	ylxR,1635496,1635784,1	ylxQ,1635773,1636076,1	infB,1636092,1638171,1	ylxP,1638194,1638446,1	rbfA,1638470,1638812,1	truB,1638986,1639898,1	ribC,1639907,1640849,1	rpsO,1640973,1641243,1	pnpA,1641435,1643553,1	
NC_018704:pnpA,1495167,1497285,-1	rpsO,1497563,1497833,-1	ribC,1497969,1498902,-1	truB,1499030,1499930,-1	rbfA,1500013,1500364,-1	ylxP,1500402,1500684,-1	infB,1500680,1502756,-1	ylxQ,1502776,1503091,-1	ylxR,1503074,1503356,-1	nusA,1503370,1504483,-1	ylxS,1504496,1504973,-1	
NC_009848:ylxS,1618878,1619352,1	nusA,1619384,1620500,1	ylxR,1620506,1620806,1	ylxQ,1620792,1621095,1	infB,1621114,1623235,1	ylxP,1623231,1623510,1	rbfA,1623527,1623878,1	truB,1623946,1624876,1	ribC,1624894,1625860,1	rpsO,1626000,1626270,1	pnpA,1626450,1628568,1	
NC_017668:ylxS,2070580,2071057,1	nusA,2071071,2072178,1	ylxR,2072190,2072466,1	ylxQ,2072462,2072777,1	infB,2072785,2074867,1	ylxP,2074863,2075142,1	rbfA,2075169,2075520,1	truB,2075590,2076487,1	ribC,2076514,2077435,1	rpsO,2077562,2077832,1	pnpA,2077954,2080078,1	
NC_002570:pnpA,2528770,2530885,-1	rpsO,2531028,2531298,-1	ribC,2531454,2532396,-1	truB,2532414,2533329,-1	rbfA,2533430,2533781,-1	ylxP,2533808,2534090,-1	infB,2534086,2536279,-1	ylxQ,2536294,2536600,-1	ylxR,2536596,2536872,-1	nusA,2536886,2538035,-1	ylxS,2538058,2538529,-1	
NC_002976:ylxS,840490,840958,1	nusA,840978,842202,1	ylxR,842219,842504,1	ylxQ,842503,842821,1	infB,842825,844988,1	rbfA,845290,845641,1	truB,845778,846696,1	ribC,846711,847683,1	rpsO,847802,848072,1	pnpA,848203,850309,1	
NC_014829:pnpA,2650586,2652680,-1	rpsO,2652935,2653205,-1	ribC,2653531,2654470,-1	truB,2654512,2655433,-1	rbfA,2655547,2655898,-1	ylxP,2655936,2656218,-1	infB,2656214,2658365,-1	ylxQ,2658429,2658732,-1	ylxR,2658728,2659007,-1	nusA,2659019,2660144,-1	ylxS,2660168,2660633,-1	
NC_015634:ylxS,1227018,1227486,1	nusA,1227528,1228728,1	ylxR,1228740,1229034,1	ylxQ,1229030,1229339,1	infB,1230481,1231960,1	ylxP,1231956,1232235,1	rbfA,1232249,1232597,1	truB,1232689,1233592,1	ribC,1233821,1234622,1	rpsO,1234734,1235004,1	pnpA,1235235,1237350,1	
NC_010184:pnpA,3678189,3680343,-1	rpsO,3680504,3680774,-1	ribC,3680874,3681846,-1	truB,3681889,3682813,-1	rbfA,3682903,3683260,-1	ylxP,3683275,3683557,-1	infB,3683553,3685620,-1	ylxQ,3685624,3685936,-1	ylxR,3685936,3686209,-1	nusA,3686220,3687327,-1	ylxS,3687344,3687815,-1	
NC_014219:ylxS,1980054,1980525,1	nusA,1980589,1981780,1	ylxR,1981787,1982066,1	ylxQ,1982062,1982383,1	infB,1982424,1984647,1	ylxP,1984643,1984922,1	rbfA,1985097,1985445,1	truB,1985524,1986460,1	ribC,1986488,1987442,1	rpsO,1987575,1987845,1	pnpA,1988044,1990147,1	
NC_006510:ylxS,1276145,1276619,1	nusA,1276643,1277795,1	ylxR,1277808,1278099,1	ylxQ,1278088,1278397,1	infB,1278410,1280540,1	ylxP,1280624,1280903,1	rbfA,1280918,1281302,1	truB,1281356,1282214,1	ribC,1282301,1283288,1	rpsO,1283375,1283645,1	pnpA,1283785,1285957,1	
NC_022524:ylxS,1828574,1829045,1	nusA,1829087,1830272,1	ylxR,1830282,1830570,1	ylxQ,1830569,1830872,1	infB,1830891,1833138,1	ylxP,1833137,1833419,1	rbfA,1833433,1833805,1	truB,1833896,1834814,1	ribC,1834846,1835803,1	rpsO,1835921,1836191,1	pnpA,1836431,1838552,1	
NC_014098:ylxS,1548702,1549167,1	nusA,1549204,1550356,1	ylxR,1550368,1550644,1	infB,1550958,1553526,1	rbfA,1553543,1553903,1	truB,1554881,1555784,1	ribC,1555794,1556742,1	rpsO,1556877,1557147,1	pnpA,1557269,1559453,1	
NC_012673:ylxS,2913610,2914081,1	nusA,2914095,2915259,1	ylxR,2915261,2915531,1	ylxQ,2915527,2915824,1	infB,2915845,2918053,1	rbfA,2918071,2918419,1	truB,2918468,2919377,1	ribC,2919393,2920320,1	rpsO,2920444,2920714,1	pnpA,2920842,2923059,1	
NC_012491:pnpA,3636171,3638319,-1	rpsO,3638585,3638855,-1	ribC,3638988,3639930,-1	truB,3639933,3640860,-1	rbfA,3641837,3642203,-1	ylxP,3642230,3642512,-1	infB,3642511,3645142,-1	ylxQ,3645163,3645463,-1	ylxR,3645459,3645750,-1	nusA,3645752,3646844,-1	ylxS,3646897,3647356,-1	
NC_012914:pnpA,3880784,3882881,-1	rpsO,3883100,3883370,-1	ribC,3883534,3884482,-1	truB,3884517,3885420,-1	rbfA,3886409,3886766,-1	infB,3886773,3889608,-1	ylxQ,3889573,3889930,-1	ylxR,3889916,3890231,-1	nusA,3890280,3891378,-1	ylxS,3891415,3891877,-1	
NC_014019:pnpA,3990317,3992444,-1	rpsO,3992612,3992882,-1	ribC,3993031,3993988,-1	truB,3994016,3994934,-1	rbfA,3995026,3995392,-1	ylxP,3995406,3995685,-1	infB,3995681,3997553,-1	ylxQ,3997572,3997872,-1	ylxR,3997871,3998153,-1	nusA,3998166,3999279,-1	ylxS,3999316,3999787,-1	
NC_013893:pnpA,1671928,1674025,-1	rpsO,1674160,1674430,-1	ribC,1674543,1675515,-1	truB,1675528,1676446,-1	rbfA,1676643,1676991,-1	infB,1677202,1679359,-1	ylxQ,1679363,1679681,-1	ylxR,1679677,1679974,-1	nusA,1679978,1681142,-1	ylxS,1681162,1681630,-1	
NC_013891:ylxS,1260683,1261151,1	nusA,1261177,1262296,1	ylxR,1262310,1262595,1	ylxQ,1262587,1262887,1	infB,1262909,1265252,1	ylxP,1265248,1265527,1	rbfA,1265542,1265887,1	truB,1265983,1266898,1	ribC,1266968,1267913,1	rpsO,1268050,1268320,1	pnpA,1268564,1270736,1	
NC_012121:ylxS,906677,907145,1	nusA,907166,908480,1	ylxR,908498,908783,1	ylxQ,908779,909085,1	infB,909101,911225,1	rbfA,915361,915709,1	truB,915857,916772,1	ribC,916787,917762,1	rpsO,917886,918156,1	pnpA,918320,920426,1	
NC_023134:pnpA,2138209,2140327,-1	rpsO,2140553,2140823,-1	ribC,2140987,2141926,-1	truB,2141966,2142878,-1	rbfA,2143869,2144226,-1	infB,2144232,2146656,-1	ylxQ,2146684,2146975,-1	ylxR,2147003,2147321,-1	nusA,2147342,2148440,-1	ylxS,2148477,2148939,-1	
NC_016935:pnpA,6128219,6130322,-1	rpsO,6130554,6130824,-1	ribC,6131002,6131965,-1	truB,6132074,6132992,-1	rbfA,6133974,6134331,-1	infB,6134335,6136885,-1	ylxQ,6136910,6137210,-1	ylxR,6137196,6137517,-1	nusA,6137561,6138659,-1	ylxS,6138718,6139177,-1	
NC_011567:pnpA,1683230,1685339,-1	rpsO,1685448,1685718,-1	ribC,1685800,1686781,-1	truB,1686781,1687726,-1	rbfA,1687725,1688109,-1	ylxP,1688099,1688378,-1	infB,1688374,1690546,-1	ylxQ,1690564,1690864,-1	ylxR,1690853,1691171,-1	nusA,1691139,1692243,-1	ylxS,1692270,1692873,-1	
NC_006582:pnpA,2349007,2351140,-1	rpsO,2351310,2351580,-1	ribC,2351821,2352775,-1	truB,2352791,2353700,-1	rbfA,2353787,2354144,-1	ylxP,2354169,2354448,-1	infB,2354447,2356733,-1	ylxQ,2356746,2357055,-1	ylxR,2357051,2357327,-1	nusA,2357348,2358455,-1	ylxS,2358485,2358956,-1	
NC_010382:ylxS,1683490,1683961,1	nusA,1683991,1685131,1	ylxR,1685267,1685546,1	ylxQ,1685542,1685851,1	infB,1685865,1688142,1	ylxP,1688141,1688420,1	rbfA,1688492,1688834,1	truB,1688959,1689871,1	ribC,1689883,1690834,1	rpsO,1690987,1691257,1	pnpA,1692620,1694735,1	
NC_000964:ylxS,1731775,1732246,1	nusA,1732280,1733396,1	ylxR,1733409,1733685,1	ylxQ,1733686,1733989,1	infB,1734008,1736159,1	ylxP,1736155,1736434,1	rbfA,1736450,1736804,1	truB,1736885,1737815,1	ribC,1737833,1738784,1	rpsO,1738940,1739210,1	pnpA,1739382,1741500,1	
NC_018665:pnpA,1642299,1644519,-1	rpsO,1644653,1644923,-1	ribC,1645046,1645976,-1	truB,1645993,1646902,-1	rbfA,1646953,1647295,-1	infB,1647331,1649500,-1	ylxQ,1649515,1649818,-1	ylxR,1649810,1650080,-1	nusA,1650083,1651208,-1	ylxS,1651224,1651692,-1	
NC_013205:infB,1481596,1483426,-1	ylxS,1483664,1484138,1	nusA,1484181,1485303,1	ylxR,1485319,1485601,1	infB,1485918,1488501,1	rbfA,1488529,1488886,1	truB,1489914,1490823,1	ribC,1490827,1491805,1	rpsO,1492364,1492631,1	pnpA,1492741,1494949,1	
NC_014483:ylxS,2048328,2048790,1	nusA,2048891,2049989,1	ylxR,2050012,2050321,1	ylxQ,2050313,2050637,1	infB,2050629,2053185,1	rbfA,2053205,2053556,1	truB,2054581,2055517,1	ribC,2055575,2056514,1	rpsO,2056646,2056916,1	pnpA,2057130,2059233,1	
