minC,a	minD,b	mreB,c	mreC,d	mreD,e	
NC_011999:
NC_007350:
NC_018065:mreB,1557422,1558439,1	mreC,1558451,1559369,1	mreD,1559368,1559887,1	minC,1559978,1560647,1	minD,1560647,1561532,1	
NC_013791:minD,2822694,2823489,-1	minC,2823516,2824203,-1	mreD,2824480,2825005,-1	mreC,2825004,2825877,-1	mreB,2825890,2826931,-1	
NC_004193:minD,2075512,2076307,-1	minC,2076299,2076986,-1	mreD,2077040,2077583,-1	mreC,2077579,2078467,-1	mreB,2078481,2079516,-1	
NC_018704:mreB,1067702,1068734,1	mreC,1068758,1069637,1	minC,1070220,1070901,1	minD,1070893,1071691,1	
NC_009848:minD,2446631,2447435,-1	minC,2447437,2448121,-1	mreD,2448175,2448694,-1	mreC,2448690,2449590,-1	mreB,2449617,2450637,-1	
NC_017668:minD,2619405,2620203,-1	minC,2620195,2620882,-1	mreD,2620920,2621448,-1	mreC,2621444,2622326,-1	mreB,2622337,2623378,-1	
NC_002570:minD,3140998,3141793,-1	minC,3141815,3142514,-1	mreD,3142635,3143160,-1	mreC,3143156,3144038,-1	mreB,3144051,3145092,-1	
NC_002976:
NC_014829:minD,3217218,3218016,-1	minC,3218148,3218838,-1	mreD,3218878,3219406,-1	mreC,3219402,3220347,-1	mreB,3220362,3221403,-1	
NC_015634:minD,1880501,1881311,-1	minC,1881303,1881996,-1	mreD,1882227,1882620,-1	mreC,1882745,1883618,-1	mreB,1883725,1884742,-1	
NC_010184:minD,4291183,4291981,-1	minC,4291983,4292670,-1	mreD,4292705,4293251,-1	mreC,4293265,4294117,-1	mreB,4294158,4295178,-1	
NC_014219:mreB,1651631,1652669,1	mreC,1652685,1653552,1	mreD,1653548,1654076,1	minC,1654112,1654850,1	minD,1654888,1655695,1	
NC_006510:minD,2626703,2627507,-1	minC,2627509,2628193,-1	mreD,2628242,2628761,-1	mreC,2628757,2629624,-1	mreB,2629643,2630666,-1	
NC_022524:minD,3476036,3476840,-1	minC,3476841,3477522,-1	mreD,3477946,3478471,-1	mreC,3478474,3479341,-1	mreB,3479427,3480447,-1	
NC_014098:mreB,669016,670051,1	mreC,670127,670976,1	minC,671528,672227,1	minD,672261,673062,1	
NC_012673:mreB,2641522,2642560,1	mreC,2642573,2643464,1	minC,2643962,2644634,1	minD,2644639,2645497,1	
NC_012491:mreB,1927553,1928597,1	mreC,1928611,1929565,1	minC,1932673,1933375,1	minD,1933395,1934190,1	
NC_012914:minD,5084163,5084955,-1	minC,5084968,5085625,-1	mreC,5086226,5087096,-1	mreB,5087140,5088169,-1	
NC_014019:minD,4486255,4487056,-1	minC,4487058,4487742,-1	mreD,4487858,4488377,-1	mreC,4488376,4489258,-1	mreB,4489277,4490303,-1	
NC_013893:
NC_013891:minD,1491188,1491989,-1	minC,1491991,1492669,-1	mreD,1492848,1493367,-1	mreC,1493369,1494257,-1	mreB,1494343,1495357,-1	
NC_012121:
NC_023134:minD,2815337,2816132,-1	minC,2816229,2816868,-1	mreC,2817467,2818337,-1	mreB,2818367,2819399,-1	
NC_016935:minD,7163305,7164106,-1	minC,7164226,7164892,-1	mreC,7166099,7166945,-1	mreB,7167114,7168149,-1	
NC_011567:mreB,721240,722326,1	mreC,722345,723206,1	mreD,723202,723727,1	minC,723695,724457,1	minD,724453,725266,1	
NC_006582:minD,2732362,2733157,-1	minC,2733186,2733870,-1	mreD,2733950,2734475,-1	mreC,2734471,2735353,-1	mreB,2735364,2736399,-1	
NC_010382:minD,3821571,3822369,-1	minC,3822370,3823039,-1	mreD,3823066,3823591,-1	mreC,3823590,3824457,-1	mreB,3824518,3825538,-1	
NC_000964:minD,2857775,2858582,-1	minC,2858583,2859264,-1	mreD,2859316,2859835,-1	mreC,2859831,2860704,-1	mreB,2860734,2861748,-1	
NC_018665:minD,1908037,1908886,-1	minC,1908891,1909566,-1	mreC,1910065,1910950,-1	mreB,1910964,1911999,-1	
NC_013205:minD,1865233,1866034,-1	minC,1866033,1866726,-1	mreC,1867335,1868202,-1	mreB,1868225,1869260,-1	
NC_014483:minD,3997866,3998664,-1	minC,3998667,3999330,-1	mreC,3999942,4000734,-1	mreB,4000819,4001854,-1	
