kipA,a	kipI,b	kipR,c	lipC,d	ycsF,e	ycsG,f	ycsI,g	
NC_011999:ycsI,1604134,1604980,1	ycsG,1609104,1610313,-1	ycsF,1610334,1611087,-1	kipA,1612883,1613852,-1	kipI,1613851,1614562,-1	
NC_007350:ycsI,335307,336093,-1	kipI,1200273,1200975,1	kipA,1200964,1201972,1	ycsF,1203799,1204558,1	ycsG,1204561,1205794,1	
NC_018065:kipR,910876,911632,1	kipA,911748,912744,-1	kipI,912740,913475,-1	ycsF,913745,914531,1	ycsG,914517,915756,1	ycsI,915787,916579,1	lipC,2155204,2156116,1	
NC_013791:kipI,457612,458335,1	kipA,458331,459348,1	kipR,459344,460109,-1	ycsG,460229,461453,1	ycsF,461492,462251,1	ycsI,844276,845053,-1	
NC_004193:kipA,2747332,2748283,-1	ycsF,2748275,2749049,-1	kipI,2749069,2749783,-1	ycsG,2749809,2751033,-1	kipR,3368995,3369763,-1	ycsI,3519454,3520213,-1	
NC_018704:
NC_009848:ycsF,420144,420903,1	ycsG,420929,422147,1	ycsI,422152,422944,1	kipI,422962,423709,1	kipA,423705,424719,1	kipR,424734,425496,1	lipC,426580,427213,1	
NC_017668:kipR,509061,509829,1	ycsF,821575,822343,-1	kipA,822354,823356,-1	kipI,823349,824069,-1	ycsI,3126200,3126968,-1	lipC,3764758,3765697,1	
NC_002570:kipI,1891641,1892319,1	kipA,1892321,1893317,1	kipR,1893322,1894081,-1	ycsG,1894224,1895382,1	ycsF,1895402,1896176,1	
NC_002976:ycsG,1202209,1203454,-1	ycsF,1203465,1204224,-1	kipA,1206033,1207038,-1	kipI,1207027,1207759,-1	
NC_014829:lipC,1526400,1527024,-1	kipA,4488357,4489311,-1	ycsF,4489311,4490076,-1	kipI,4490072,4490810,-1	
NC_015634:lipC,1301533,1302229,1	ycsF,2682130,2682898,-1	kipA,2682884,2683883,-1	kipI,2683879,2684587,-1	
NC_010184:ycsF,2923175,2923940,-1	kipA,2923958,2924948,-1	kipI,2924938,2925652,-1	kipR,2925666,2926419,-1	lipC,5167300,5168110,-1	
NC_014219:lipC,1061265,1062126,1	kipI,1135190,1135877,1	ycsF,1135882,1136647,1	kipA,1136646,1137522,1	
NC_006510:kipR,1539369,1540122,1	kipI,1540136,1540811,1	kipA,1540734,1541775,1	ycsF,1541771,1542542,1	lipC,1672447,1673245,1	ycsI,2145046,2145838,-1	
NC_022524:kipI,2336439,2337141,1	kipA,2337131,2338109,1	ycsF,2338095,2338854,1	lipC,2898646,2899303,-1	
NC_014098:ycsF,354123,354888,-1	kipA,354906,355884,-1	kipI,355880,356762,-1	lipC,1936887,1937586,1	kipR,2639703,2640498,-1	
NC_012673:
NC_012491:kipR,2712686,2713478,1	kipI,2722890,2723613,1	kipA,2723615,2724623,1	ycsF,2724627,2725392,1	lipC,4286122,4286911,1	
NC_012914:kipI,1637355,1638114,1	kipA,1638176,1639235,1	ycsF,1639256,1640027,1	kipR,4022814,4023588,-1	
NC_014019:kipR,2479657,2480422,-1	kipA,2482430,2483426,-1	kipI,2483422,2484178,-1	ycsI,2484195,2484987,-1	ycsG,2485039,2486203,-1	ycsF,2486302,2487064,-1	lipC,2693242,2694037,-1	
NC_013893:kipR,137557,138256,1	kipI,1353693,1354425,1	kipA,1354414,1355419,1	ycsF,1357238,1357994,1	ycsG,1358006,1359239,1	
NC_013891:
NC_012121:kipI,368770,369466,1	kipA,369465,370470,1	ycsG,2047847,2049077,-1	ycsF,2049080,2049839,-1	ycsI,2265624,2266413,-1	
NC_023134:
NC_016935:kipR,567662,568406,1	lipC,7416248,7416911,-1	ycsF,7636326,7637112,-1	kipA,7638276,7639317,-1	kipI,7639548,7640463,-1	
NC_011567:
NC_006582:lipC,570450,571119,-1	kipR,571359,572109,1	ycsF,3929738,3930500,-1	ycsG,3930513,3931725,-1	kipA,3931816,3932833,-1	kipI,3932829,3933555,-1	
NC_010382:kipR,2183700,2184492,1	kipI,2191478,2192144,1	kipA,2192147,2193011,1	ycsF,2193016,2193745,1	lipC,2698585,2699530,1	
NC_000964:ycsF,457022,457796,1	ycsG,457810,459025,1	ycsI,459048,459822,1	kipI,459866,460589,1	kipA,460591,461599,1	kipR,461614,462367,1	lipC,462430,463072,1	
NC_018665:
NC_013205:kipR,2603001,2603781,-1	lipC,2755221,2755905,-1	ycsF,2847514,2848270,-1	kipA,2848272,2849310,-1	kipI,2849284,2850004,-1	
NC_014483:
