clpC,a	ctsR,b	mcsA,c	mcsB,d	radA,e	yacK,f	
NC_011999:radA,2019223,2020585,-1	clpC,2020809,2022447,-1	clpC,2022554,2023235,-1	mcsB,2023247,2024252,-1	mcsA,2024241,2024628,-1	ctsR,2024638,2025112,-1	
NC_007350:radA,2290367,2291744,-1	clpC,2292091,2294554,-1	mcsB,2294565,2295576,-1	mcsA,2295568,2296120,-1	ctsR,2296136,2296598,-1	
NC_018065:ctsR,218206,218671,1	mcsA,218683,219226,1	mcsB,219222,220320,1	clpC,220316,222761,1	radA,223001,224375,1	
NC_013791:ctsR,102808,103279,1	mcsA,103381,103915,1	mcsB,103919,104996,1	clpC,105013,107455,1	radA,107604,108981,1	yacK,108986,110060,1	
NC_004193:ctsR,109438,109906,1	mcsA,109928,110486,1	mcsB,110482,111547,1	clpC,111691,114121,1	radA,114314,115688,1	
NC_018704:ctsR,107064,107526,1	mcsA,107553,108102,1	mcsB,108101,109169,1	clpC,109186,111622,1	radA,111805,113173,1	
NC_009848:ctsR,76193,76658,1	mcsA,76663,77230,1	mcsB,77234,78326,1	clpC,78322,80758,1	radA,80911,82231,1	yacK,82233,83313,1	
NC_017668:ctsR,110552,111017,1	mcsA,111037,111586,1	mcsB,111585,112656,1	clpC,112675,115135,1	radA,115305,116685,1	yacK,116685,117759,1	
NC_002570:ctsR,132791,133262,1	mcsA,133287,133821,1	mcsB,133823,134894,1	clpC,134912,137354,1	radA,137521,138895,1	yacK,138903,139977,1	
NC_002976:ctsR,166945,167407,1	mcsA,167412,167991,1	mcsB,167980,168988,1	clpC,169001,171455,1	radA,171945,173319,1	
NC_014829:ctsR,115137,115602,1	mcsA,115614,116151,1	mcsB,116153,117224,1	clpC,117250,119701,1	radA,119878,121282,1	yacK,121256,122339,1	
NC_015634:ctsR,96697,97159,1	mcsA,97430,97724,1	mcsB,97723,98791,1	clpC,98807,101258,1	radA,101673,102768,1	
NC_010184:ctsR,92990,93452,1	mcsA,93621,94170,1	mcsB,94174,95239,1	clpC,95261,97697,1	radA,97791,99168,1	yacK,99171,100245,1	
NC_014219:ctsR,102498,102975,1	mcsA,102993,103533,1	mcsB,103534,104632,1	clpC,104628,107076,1	radA,107162,108575,1	yacK,108549,109632,1	
NC_006510:ctsR,95069,95531,1	mcsA,95546,96095,1	mcsB,96100,97192,1	clpC,97188,99621,1	radA,99698,101072,1	
NC_022524:ctsR,107075,107537,1	mcsA,107564,108113,1	mcsB,108117,109185,1	clpC,109201,111655,1	radA,111879,113262,1	yacK,113265,114339,1	
NC_014098:ctsR,117468,117930,1	mcsA,117935,118439,1	mcsB,118457,119525,1	clpC,119627,122072,1	radA,122281,123652,1	yacK,123656,124742,1	
NC_012673:radA,1602156,1603533,-1	clpC,1603589,1606025,-1	mcsB,1606049,1607093,-1	mcsA,1607092,1607527,-1	ctsR,1607532,1608009,-1	
NC_012491:ctsR,199218,199683,1	mcsA,199699,200218,1	mcsB,200237,201311,1	clpC,201380,203828,1	radA,203934,205302,1	yacK,205310,206387,1	
NC_012914:yacK,6532830,6533907,-1	radA,6533917,6535285,-1	clpC,6535995,6538449,-1	mcsB,6538452,6539532,-1	mcsA,6539554,6540079,-1	ctsR,6540117,6540579,-1	
NC_014019:ctsR,95230,95692,1	mcsA,95733,96276,1	mcsB,96279,97353,1	clpC,97376,99815,1	radA,99938,101315,1	yacK,101318,102398,1	
NC_013893:radA,2431890,2433258,-1	clpC,2433488,2435948,-1	mcsB,2435961,2436975,-1	mcsA,2436967,2437525,-1	ctsR,2437551,2438013,-1	
NC_013891:ctsR,233609,234068,1	mcsA,234081,234600,1	mcsB,234596,235619,1	clpC,235647,238110,1	radA,238261,239635,1	
NC_012121:ctsR,186809,187271,1	mcsA,187289,187814,1	mcsB,187818,188823,1	clpC,188834,191300,1	radA,191562,192933,1	
NC_023134:yacK,3795404,3796484,-1	radA,3796516,3797914,-1	clpC,3798059,3800510,-1	mcsB,3800566,3801670,-1	mcsA,3801689,3802214,-1	ctsR,3802227,3802689,-1	
NC_016935:yacK,8315928,8317011,-1	radA,8317022,8318432,-1	clpC,8318557,8321002,-1	mcsB,8321075,8322143,-1	mcsA,8322171,8322690,-1	ctsR,8322743,8323205,-1	
NC_011567:ctsR,88935,89397,1	mcsA,89402,89954,1	mcsB,89901,91023,1	clpC,91034,93476,1	radA,93534,94929,1	
NC_006582:ctsR,149104,149530,1	mcsA,149545,150061,1	mcsB,150066,151143,1	clpC,151163,153620,1	radA,153781,155230,1	yacK,155235,156309,1	
NC_010382:radA,4491560,4492937,-1	clpC,4493028,4495470,-1	mcsB,4495462,4496572,-1	mcsA,4496568,4497117,-1	ctsR,4497124,4497622,-1	
NC_000964:ctsR,101448,101913,1	mcsA,101926,102484,1	mcsB,102483,103575,1	clpC,103571,106004,1	radA,106095,107472,1	yacK,107475,108558,1	
NC_018665:ctsR,92939,93395,1	mcsA,93411,93840,1	mcsB,93832,94906,1	clpC,94905,97353,1	radA,97423,98809,1	
NC_013205:yacK,2802811,2803891,-1	radA,2803900,2805247,-1	clpC,2805435,2807874,-1	mcsB,2807870,2808950,-1	mcsA,2808962,2809484,-1	ctsR,2809500,2809971,-1	
NC_014483:yacK,4684048,4685125,-1	radA,4685137,4686511,-1	clpC,4686751,4689196,-1	mcsB,4689240,4690305,-1	mcsA,4690333,4690858,-1	ctsR,4690927,4691392,-1	
