atpA,a	atpB,b	atpC,c	atpD,d	atpE,e	atpF,f	atpG,g	atpH,h	atpI,i	
NC_002163:atpA,111487,112993,1	atpG,113001,113886,1	atpD,113911,115309,1	atpB,1133359,1134040,-1	
NC_005090:atpB,313316,314000,1	atpA,510217,511720,1	atpG,511735,512632,1	atpD,512649,514053,1	atpC,514065,514461,1	
NC_004917:atpA,410429,411944,1	atpG,411956,412850,1	atpD,412868,414269,1	atpC,414277,414673,1	atpB,1434493,1435174,1	
NC_002696:atpB,389791,389029,+1	atpH,3693254,3692699,+1	atpA,3692647,3691114,+1	atpG,3691080,3690204,+1	atpD,3690157,3688537,+1	atpC,3688287,3688026,+1	
NC_004463:atpH,478494,477933,+1	atpA,477934,476404,+1	atpG,476230,475357,+1	atpD,475275,473841,+1	atpC,473755,473347,+1	atpB,1305014,1304264,+1	
NC_003047:atpB,917690,916937,-1	atpA,3295122,3293592,+1	atpG,3293565,3292680,+1	atpD,3292656,3291141,+1	atpC,3291025,3290614,+1	
NC_003062:atpA,2608634,2607104,+1	atpG,2607073,2606194,+1	atpD,2606171,2604716,+1	atpC,2604585,2604174,+1	
NC_002678:atpH,3250106,3249545,+1	atpA,3249546,3248016,+1	atpG,3247984,3247099,+1	atpD,3246882,3245448,+1	atpC,3245349,3244941,+1	atpB,6127402,6126643,-1	
NC_004310:atpB,393222,392472,-1	atpH,1731077,1730516,+1	atpA,1730517,1728987,+1	atpG,1728966,1728087,+1	atpD,1727960,1726394,+1	atpC,1726270,1725862,+1	
NC_004757:atpB,235918,236728,1	atpF,237089,237563,1	atpH,237563,238100,1	atpA,238112,239654,1	atpG,239657,240542,1	atpD,240572,241955,1	atpC,241983,242406,1	
NC_005085:atpB,694607,695420,1	atpE,695484,695772,1	atpF,695893,696301,1	atpH,696308,696845,1	atpA,696853,698398,1	atpG,698438,699305,1	atpD,699346,700744,1	atpC,700755,701178,1	
NC_003112:atpB,2038248,2037381,+1	atpF,2037018,2036547,+1	atpH,2036543,2036009,+1	atpA,2035999,2034451,+1	atpG,2034427,2033551,+1	atpD,2033514,2032116,+1	atpC,2032106,2031683,+1	
NC_003295:atpB,3586345,3585421,+1	atpF,3584968,3584497,+1	atpH,3584495,3583958,+1	atpA,3583886,3582344,+1	atpG,3582280,3581404,+1	atpD,3581368,3579964,+1	atpC,3579875,3579461,+1	
NC_002929:atpB,3499028,3499910,1	atpF,3500406,3500877,1	atpH,3500889,3501429,1	atpA,3501463,3503005,1	atpG,3503103,3504009,1	atpD,3504051,3505452,1	atpC,3505461,3505884,1	
NC_002928:atpB,4476609,4475727,+1	atpF,4475231,4474760,+1	atpH,4474748,4474208,+1	atpA,4474174,4472632,+1	atpG,4472534,4471628,+1	atpD,4471586,4470185,+1	atpC,4470176,4469753,+1	
NC_002927:atpB,4911975,4911093,+1	atpF,4910597,4910126,+1	atpH,4910114,4909574,+1	atpA,4909540,4907998,+1	atpG,4907900,4906994,+1	atpD,4906952,4905551,+1	atpC,4905542,4905119,+1	
NC_002488:atpB,1107623,1106825,+1	atpE,1106762,1106456,+1	atpF,1106336,1105865,+1	atpH,1105862,1105334,+1	atpA,1105285,1103737,+1	atpG,1103644,1102780,+1	atpD,1102698,1101297,+1	atpC,1101228,1100796,+1	
NC_003919:atpB,4334065,4333264,+1	atpE,4333192,4332889,+1	atpF,4332776,4332305,+1	atpH,4332302,4331774,+1	atpA,4331727,4330179,+1	atpG,4330066,4329202,+1	atpD,4329058,4327651,+1	atpC,4327508,4327085,+1	
NC_007086:atpB,4371625,4370824,+1	atpE,4370751,4370448,+1	atpF,4370336,4369865,+1	atpH,4369862,4369334,+1	atpA,4369287,4367739,+1	atpG,4367627,4366763,+1	atpD,4366641,4365234,+1	atpC,4365061,4364638,+1	
NC_002516:atpB,6254411,6253541,+1	atpE,6253492,6253234,+1	atpF,6253177,6252706,+1	atpH,6252695,6252158,+1	atpA,6252140,6250595,+1	atpG,6250545,6249684,+1	atpD,6249654,6248277,+1	atpC,6248236,6247810,+1	
NC_002947:atpB,6181436,6180566,+1	atpE,6180422,6180164,+1	atpF,6180108,6179637,+1	atpH,6179625,6179088,+1	atpA,6179067,6177522,+1	atpG,6177474,6176613,+1	atpD,6176586,6175209,+1	atpC,6175166,6174746,+1	
NC_004578:atpB,6387575,6386705,+1	atpE,6386567,6386309,+1	atpF,6386252,6385781,+1	atpH,6385769,6385232,+1	atpA,6385211,6383666,+1	atpG,6383616,6382755,+1	atpD,6382728,6381348,+1	atpC,6381298,6380878,+1	
NC_004347:atpB,4964703,4963908,+1	atpE,4963838,4963586,+1	atpF,4963548,4963077,+1	atpH,4963061,4962527,+1	atpA,4962513,4960971,+1	atpG,4960921,4960060,+1	atpD,4960025,4958633,+1	atpC,4958597,4958168,+1	
NC_004603:atpI,3284044,3283654,+1	atpB,3283646,3282833,+1	atpE,3282778,3282523,+1	atpF,3282452,3281981,+1	atpH,3281967,3281433,+1	atpA,3281450,3279878,+1	atpG,3279834,3278967,+1	atpD,3278932,3277528,+1	atpC,3277510,3277087,+1	
NC_004459:atpB,1017604,1018417,1	atpE,1018469,1018727,1	atpF,1018798,1019269,1	atpH,1019283,1019817,1	atpA,1019800,1021372,1	atpG,1021415,1022282,1	atpD,1022317,1023721,1	atpC,1023739,1024162,1	
NC_005061:atpB,2293,3112,1	atpE,3180,3420,1	atpF,3489,3975,1	atpH,3975,4521,1	atpA,4542,6084,1	atpG,6109,6976,1	atpD,7005,8400,1	atpC,8459,8876,1	
NC_011833:atpB,2277,3102,1	atpE,3138,3378,1	atpF,3496,3982,1	atpH,3981,4515,1	atpA,4529,6068,1	atpG,6100,6973,1	atpD,6996,8394,1	atpC,8420,8837,1	
NC_003143:atpI,4650295,4649911,+1	atpB,4649872,4649047,+1	atpE,4648998,4648758,+1	atpF,4648697,4648226,+1	atpH,4648212,4647678,+1	atpA,4647664,4646122,+1	atpG,4646061,4645197,+1	atpD,4645042,4643659,+1	atpC,4643638,4643215,+1	
NC_004741:atpI,3843585,3843966,1	atpB,3843974,3844790,1	atpE,3844836,3845076,1	atpF,3845137,3845608,1	atpH,3845622,3846156,1	atpA,3846168,3847710,1	atpG,3847760,3848624,1	atpD,3848650,3850033,1	atpC,3850059,3850473,1	
NC_000913:atpI,3922440,3922059,+1	atpB,3922051,3921235,+1	atpE,3921189,3920949,+1	atpF,3920888,3920417,+1	atpH,3920403,3919869,+1	atpA,3919857,3918315,+1	atpG,3918265,3917401,+1	atpD,3917375,3915992,+1	atpC,3915972,3915552,+1	
NC_003197:atpI,4080556,4080175,+1	atpB,4080167,4079351,+1	atpE,4079305,4079065,+1	atpF,4079006,4078535,+1	atpH,4078521,4077987,+1	atpA,4077975,4076433,+1	atpG,4076383,4075519,+1	atpD,4075493,4074110,+1	atpC,4074090,4073670,+1	
NC_000907:atpB,506266,505477,+1	atpE,505422,505167,+1	atpF,505118,504647,+1	atpH,504635,504101,+1	atpA,504089,502547,+1	atpG,502532,501662,+1	atpD,501646,500272,+1	atpC,500243,499814,+1	
NC_002663:atpB,1680681,1681476,1	atpE,1681532,1681787,1	atpF,1681866,1682337,1	atpH,1682350,1682884,1	atpA,1682896,1684438,1	atpG,1684464,1685334,1	atpD,1685351,1686725,1	atpC,1686765,1687194,1	
