bamA,a	dnaE,b	fabZ,c	lpxA,d	lpxB,e	lpxD,f	rnhB,g	skp,h	
NC_002163:rnhB,15843,16419,-1	bamA,129799,132019,-1	fabZ,250589,251030,1	lpxA,251029,251821,1	lpxB,265430,266525,-1	lpxD,537022,537988,1	dnaE,671945,675548,1	
NC_005090:fabZ,62080,61624,+1	lpxA,61628,60827,+1	lpxD,99985,99028,+1	bamA,346867,344635,-1	lpxB,759047,757976,-1	rnhB,1618871,1618319,-1	dnaE,1886757,1883220,+1	
NC_004917:rnhB,6281,6905,-1	lpxB,788038,789205,1	bamA,967444,969682,-1	lpxD,1069034,1070015,1	fabZ,1146481,1146991,1	lpxA,1147000,1147783,1	dnaE,1231083,1234740,-1	
NC_002696:rnhB,400469,399851,+1	lpxB,2107507,2106310,+1	lpxD,2110645,2109625,+1	fabZ,2109623,2109143,+1	lpxA,2109147,2108355,+1	bamA,2113649,2111339,+1	dnaE,2126362,2122930,+1	
NC_004463:rnhB,2754837,2754051,-1	lpxB,5372300,5371121,+1	lpxA,5373965,5373173,+1	bamA,5378698,5376163,+1	lpxD,5376015,5374947,+1	fabZ,5374951,5374489,+1	dnaE,5395162,5391658,+1	
NC_003047:rnhB,919579,920230,-1	dnaE,1402646,1406156,1	bamA,1614334,1616665,1	lpxD,1616709,1617774,1	fabZ,1617766,1618231,1	lpxA,1618233,1619046,1	lpxB,1619929,1621099,1	
NC_003062:rnhB,719743,720397,-1	dnaE,1279703,1283207,1	bamA,1374513,1376838,1	lpxD,1376887,1377955,1	fabZ,1377947,1378412,1	lpxA,1378411,1379227,1	lpxB,1380108,1381293,1	
NC_002678:lpxB,499408,498235,+1	bamA,505109,502724,+1	lpxD,502649,501593,+1	fabZ,501592,501133,+1	lpxA,501126,500286,+1	dnaE,699102,695574,+1	rnhB,6129839,6129143,+1	
NC_004310:rnhB,395590,394927,+1	dnaE,805853,802361,-1	lpxB,1130023,1128835,+1	bamA,1135668,1133322,+1	lpxD,1133269,1132213,+1	fabZ,1132221,1131747,+1	lpxA,1131739,1130902,+1	
NC_004757:fabZ,1843529,1843067,+1	rnhB,1843046,1842392,+1	bamA,1846412,1844135,+1	dnaE,2139963,2136453,+1	
NC_005085:dnaE,940090,943525,-1	bamA,2374672,2376988,1	skp,2377006,2377492,1	lpxD,2377543,2378590,1	fabZ,2378582,2379035,1	lpxA,2379037,2379814,1	lpxB,2379830,2380991,1	rnhB,2380981,2381578,1	
NC_003112:lpxD,177821,176774,+1	fabZ,176741,176291,+1	lpxA,176205,175428,+1	bamA,180813,178419,+1	rnhB,191281,190696,+1	lpxB,202909,201736,-1	dnaE,1923327,1919892,-1	
NC_003295:bamA,1511712,1514010,1	lpxD,1514574,1515645,1	fabZ,1515641,1516136,1	lpxA,1516132,1516948,1	lpxB,1516944,1518117,1	rnhB,1518121,1518832,1	dnaE,2387017,2390539,-1	
NC_002929:bamA,1501841,1504178,1	skp,1504303,1504867,1	lpxD,1504875,1505967,1	fabZ,1506038,1506494,1	lpxA,1506494,1507289,1	lpxB,1507285,1508467,1	rnhB,1508453,1509059,1	dnaE,2465145,2468637,-1	
NC_002928:bamA,1642284,1644621,1	skp,1644698,1645310,1	lpxD,1645318,1646410,1	fabZ,1646433,1646937,1	lpxA,1646937,1647732,1	lpxB,1647728,1648910,1	rnhB,1648896,1649502,1	dnaE,1820163,1823655,1	
NC_002927:bamA,2775555,2777892,1	skp,2778017,2778581,1	lpxD,2778589,2779681,1	fabZ,2779752,2780208,1	lpxA,2780208,2781003,1	lpxB,2780999,2782181,1	rnhB,2782167,2782773,1	dnaE,3639360,3642852,-1	
NC_002488:dnaE,213874,210292,+1	bamA,1006931,1004576,+1	lpxD,1004430,1003365,+1	fabZ,1003369,1002886,+1	lpxA,1002865,1002073,+1	lpxB,1001997,1000839,+1	rnhB,1000783,1000078,+1	
NC_003919:bamA,1628889,1626522,+1	lpxD,1626126,1625112,+1	fabZ,1625116,1624657,+1	lpxA,1624632,1623840,+1	lpxB,1623811,1622524,+1	rnhB,1622528,1621793,+1	dnaE,1621531,1617940,+1	
NC_007086:bamA,3453300,3455757,1	lpxD,3456166,3457180,1	fabZ,3457176,3457638,1	lpxA,3457659,3458451,1	lpxB,3458567,3459764,1	rnhB,3459760,3460483,1	dnaE,3460719,3464310,1	
NC_002516:dnaE,4078678,4075156,+1	lpxD,4084505,4083443,+1	fabZ,4083398,4082957,+1	lpxA,4082961,4082184,+1	lpxB,4082181,4081044,+1	rnhB,4081045,4080439,+1	bamA,4087455,4085061,+1	
NC_002947:bamA,1792778,1795139,1	lpxD,1795688,1796744,1	fabZ,1796807,1797299,1	lpxA,1797295,1798072,1	lpxB,1798073,1799201,1	rnhB,1799202,1799826,1	dnaE,1800012,1803537,1	
NC_004578:bamA,1701188,1703576,1	lpxD,1704127,1705183,1	fabZ,1705292,1705733,1	lpxA,1705729,1706506,1	lpxB,1706508,1707651,1	rnhB,1707662,1708316,1	dnaE,1708383,1711905,1	
NC_004347:bamA,1718939,1721420,1	skp,1721476,1721983,1	lpxD,1721986,1723012,1	fabZ,1723043,1723508,1	lpxA,1723504,1724275,1	lpxB,1724406,1725564,1	rnhB,1725563,1726193,1	dnaE,1726309,1729786,1	
NC_004603:bamA,2423309,2420894,+1	skp,2420872,2420371,+1	lpxD,2420365,2419333,+1	fabZ,2419162,2418709,+1	lpxA,2418708,2417919,+1	lpxB,2417809,2416669,+1	rnhB,2416660,2416024,+1	dnaE,2415942,2412462,+1	
NC_004459:bamA,1861743,1864158,1	skp,1864183,1864684,1	lpxD,1864692,1865724,1	fabZ,1865816,1866269,1	lpxA,1866270,1867059,1	lpxB,1867151,1868294,1	rnhB,1868297,1868921,1	dnaE,1869034,1872514,1	
NC_005061:bamA,303836,306302,1	skp,306393,306900,1	lpxD,306927,308037,1	fabZ,308040,308496,1	lpxA,308499,309288,1	lpxB,309314,310469,1	rnhB,310492,311110,1	dnaE,311182,314683,1	
NC_011833:bamA,260983,263386,1	fabZ,263512,263968,1	dnaE,264004,267490,1	
NC_003143:bamA,1193371,1195759,1	skp,1195916,1196414,1	lpxD,1196417,1197440,1	fabZ,1197597,1198143,1	lpxA,1198146,1198935,1	lpxB,1198938,1200123,1	rnhB,1200119,1200716,1	dnaE,1200845,1204361,1	
NC_004741:bamA,188358,190791,1	skp,190912,191398,1	lpxD,191401,192427,1	fabZ,192531,192987,1	lpxA,192990,193779,1	lpxB,193778,194927,1	rnhB,194923,195520,1	dnaE,195556,199039,1	
NC_000913:bamA,197927,200360,1	skp,200481,200967,1	lpxD,200970,201996,1	fabZ,202100,202556,1	lpxA,202559,203348,1	lpxB,203347,204496,1	rnhB,204492,205089,1	dnaE,205125,208608,1	
NC_003197:bamA,262378,264793,1	skp,264915,265401,1	lpxD,265404,266430,1	fabZ,266535,266991,1	lpxA,266994,267783,1	lpxB,267782,268931,1	rnhB,268927,269524,1	dnaE,269547,273030,1	
NC_000907:dnaE,799618,796138,+1	bamA,973932,971544,+1	skp,971437,970843,+1	lpxD,970831,969805,+1	fabZ,1127337,1126890,+1	lpxA,1126877,1126088,+1	lpxB,1126022,1124849,+1	rnhB,1124857,1124263,+1	
NC_002663:dnaE,31763,35243,1	bamA,2232508,2234884,1	skp,2234992,2235574,1	lpxD,2235573,2236602,1	fabZ,2236707,2237166,1	lpxA,2237183,2237972,1	lpxB,2238047,2239226,1	rnhB,2239227,2239821,1	
