cyoA,a	cyoB,b	cyoC,c	cyoD,d	cyoE,e	
NC_002163:
NC_005090:
NC_004917:
NC_002696:cyoA,1957805,1956743,+1	cyoB,1956725,1954727,+1	cyoC,1954725,1954098,+1	cyoD,1954102,1953712,+1	cyoB,3649497,3647838,+1	cyoE,3647713,3646711,+1	
NC_004463:cyoA,145335,146496,1	cyoB,146507,148505,1	cyoC,148505,149135,1	cyoD,149131,149512,1	cyoB,1289756,1291382,1	cyoE,1291442,1292387,1	
NC_003047:cyoB,992941,994630,1	cyoE,994626,995679,1	cyoC,2709872,2710595,1	
NC_003062:cyoA,146672,145673,+1	cyoB,145597,143593,+1	cyoC,143587,142960,+1	cyoD,142961,142568,+1	cyoE,766569,765615,-1	cyoB,765226,763516,-1	
NC_002678:cyoE,881000,881936,-1	cyoA,5635727,5636909,1	cyoB,5636919,5638917,1	cyoC,5638926,5639553,1	cyoD,5639549,5639927,1	
NC_004310:cyoA,46439,47465,1	cyoB,47544,49524,1	cyoC,49527,50157,1	cyoD,50156,50522,1	cyoB,466842,468501,1	cyoE,468728,469676,1	
NC_004757:
NC_005085:cyoA,4324970,4324028,+1	cyoB,4324022,4321979,+1	cyoC,4321964,4321352,+1	cyoD,4321353,4321032,+1	cyoE,4321021,4320112,+1	
NC_003112:
NC_003295:cyoE,399614,400547,1	cyoA,2041646,2042639,1	cyoB,2042642,2044619,1	cyoC,2044621,2045248,1	cyoD,2045244,2045622,1	
NC_002929:cyoA,3122385,3121470,+1	cyoB,3121467,3119487,+1	cyoC,3119484,3118872,+1	cyoD,3118873,3118525,+1	cyoE,3945069,3944175,+1	
NC_002928:cyoA,1142734,1143649,1	cyoB,1143649,1145632,1	cyoC,1145635,1146247,1	cyoD,1146246,1146594,1	cyoE,4571523,4572417,-1	
NC_002927:cyoA,1374727,1375642,1	cyoB,1375642,1377625,1	cyoC,1377628,1378240,1	cyoD,1378239,1378587,1	cyoE,5134564,5135458,-1	
NC_002488:cyoE,1307796,1306884,-1	cyoA,1344478,1343518,+1	cyoB,1343546,1341527,+1	cyoC,1341522,1340913,+1	cyoD,1340914,1340572,+1	
NC_003919:cyoA,1435885,1436821,1	cyoB,1436820,1438821,1	cyoC,1438823,1439450,1	cyoD,1439449,1439785,1	cyoE,4563624,4564521,-1	
NC_007086:cyoA,3694869,3693924,+1	cyoB,3693935,3691934,+1	cyoC,3691932,3691302,+1	cyoD,3691303,3690967,+1	cyoE,4602886,4601983,+1	
NC_002516:cyoA,1428079,1429075,1	cyoB,1429081,1431058,1	cyoC,1431061,1431691,1	cyoD,1431690,1432026,1	cyoE,1432036,1432927,1	
NC_002947:cyoA,950222,951164,1	cyoB,951167,953186,1	cyoC,953189,953813,1	cyoD,953812,954145,1	cyoE,954156,955044,1	
NC_004578:cyoA,1455217,1456159,1	cyoB,1456162,1458175,1	cyoC,1458178,1458811,1	cyoD,1458810,1459143,1	cyoE,1459153,1460041,1	
NC_004347:
NC_004603:
NC_004459:
NC_005061:cyoA,261893,261008,+1	cyoB,260939,258974,+1	cyoC,258991,258400,+1	cyoD,258396,258093,+1	cyoE,258063,257181,+1	
NC_011833:cyoA,519129,518238,+1	cyoB,518234,516245,+1	cyoC,516249,515631,+1	cyoD,515632,515314,+1	cyoE,515287,514429,+1	
NC_003143:cyoA,3527636,3528593,1	cyoB,3528597,3530589,1	cyoC,3530578,3531193,1	cyoD,3531192,3531525,1	cyoE,3531535,3532426,1	
NC_004741:cyoC,381445,380830,+1	cyoD,380831,380501,+1	cyoE,380487,379599,+1	
NC_000913:cyoA,451610,450662,+1	cyoB,450641,448649,+1	cyoC,448660,448045,+1	cyoD,448046,447716,+1	cyoE,447705,446814,+1	
NC_003197:cyoA,498147,497190,+1	cyoB,497180,495188,+1	cyoC,495199,494584,+1	cyoD,494585,494255,+1	cyoE,494244,493353,+1	
NC_000907:
NC_002663:
