dppA,a	dppB,b	dppC,c	dppD,d	dppF,e	
NC_002163:dppF,145603,144748,+1	dppA,1514534,1512998,+1	dppB,1512999,1512054,+1	
NC_005090:dppA,945119,943610,+1	dppB,943614,942681,+1	dppC,942502,941842,+1	dppF,941846,941060,+1	dppF,941064,940311,+1	
NC_004917:dppA,402362,400796,+1	dppB,400680,399783,+1	dppF,399787,398119,+1	dppF,398126,397412,+1	dppF,1710003,1708548,-1	dppC,1708433,1707365,-1	dppB,1707373,1706320,-1	
NC_002696:
NC_004463:dppA,318038,319595,1	dppB,319674,320619,1	dppC,320615,321476,1	dppD,321479,322454,1	dppF,322450,323407,1	
NC_003047:dppA,807486,809082,1	dppB,809185,810190,1	dppC,810200,811109,1	dppD,811110,811965,1	dppF,811961,812789,1	
NC_003062:dppB,1190586,1191531,1	dppC,1191520,1192426,1	dppD,1192563,1193631,1	dppF,1193639,1194653,1	dppA,1194885,1196379,1	
NC_002678:dppA,466904,465242,+1	dppC,465220,464203,+1	dppB,464204,463232,+1	dppD,463236,462276,+1	dppF,462268,461287,+1	
NC_004310:dppF,1530295,1529248,-1	dppB,1534164,1533156,+1	dppC,1533149,1532267,+1	dppD,1532262,1531413,+1	dppF,1531417,1530568,+1	
NC_004757:dppA,1250059,1252300,1	dppB,1252317,1253295,1	dppC,2703634,2705155,1	dppF,2705151,2707233,1	
NC_005085:dppA,1142963,1144559,1	dppB,1144974,1146003,1	dppC,1146016,1146937,1	dppD,1146947,1147928,1	dppF,1147920,1148892,1	
NC_003112:
NC_003295:dppB,2065953,2066940,1	dppC,2066936,2067872,1	dppD,2067868,2068867,1	dppF,2068863,2069865,1	dppA,2069902,2071480,1	
NC_002929:dppA,4074054,4072467,+1	dppB,4072448,4071473,+1	dppC,4071477,4070556,+1	dppD,4070530,4069528,+1	dppF,4069532,4068515,+1	
NC_002928:dppA,3882426,3880854,+1	dppB,3880775,3879788,+1	dppC,3879789,3878874,+1	dppD,3878867,3877892,+1	dppF,3877896,3876903,+1	
NC_002927:dppA,4280441,4278869,+1	dppB,4278790,4277803,+1	dppC,4277804,4276889,+1	dppD,4276882,4275907,+1	dppF,4275911,4274918,+1	
NC_002488:
NC_003919:dppA,1017610,1019227,1	dppB,1019223,1020201,1	dppC,1020197,1021082,1	dppF,1021285,1022728,1	
NC_007086:
NC_002516:dppA,5040404,5042000,1	dppB,5042067,5043078,1	dppC,5043089,5044001,1	dppD,5044053,5045028,1	dppF,5045027,5045999,1	
NC_002947:dppA,1023710,1022075,+1	dppB,1021984,1020973,+1	dppC,1020963,1020036,+1	dppD,1020026,1019057,+1	dppF,1019058,1018089,+1	
NC_004578:dppA,2846666,2845145,+1	dppB,2845043,2844125,+1	dppC,2844117,2843208,+1	dppD,2843192,2842190,+1	dppF,2842194,2841180,+1	
NC_004347:dppA,1896492,1894866,+1	dppB,1894867,1893835,+1	dppC,1893849,1892958,+1	dppD,1892955,1891947,+1	dppF,1891967,1891181,+1	
NC_004603:dppA,1229647,1228027,+1	dppB,1228028,1227065,+1	dppC,1227079,1226191,+1	dppD,1226192,1225196,+1	dppF,1225200,1224417,+1	
NC_004459:dppA,2948110,2949727,1	dppB,2949726,2950689,1	dppC,2950675,2951563,1	dppD,2951562,2952558,1	dppF,2952554,2953340,1	
NC_005061:
NC_011833:
NC_003143:dppA,2457568,2459206,1	dppB,2459292,2460213,1	dppC,2460231,2461137,1	dppD,2461148,2462150,1	dppF,2462146,2463148,1	
NC_004741:dppA,1296129,1297761,1	dppB,1297846,1298767,1	dppC,1298781,1299690,1	dppD,1299701,1300715,1	dppF,1300711,1301716,1	
NC_000913:dppA,1301181,1302813,1	dppB,1302898,1303819,1	dppC,1303833,1304742,1	dppD,1304753,1305767,1	dppF,1305763,1306768,1	
NC_003197:dppA,1783677,1785327,1	dppB,1785323,1786289,1	dppC,1786275,1787166,1	dppD,1787165,1788158,1	dppF,1788159,1788966,1	
NC_000907:dppA,1191934,1190308,+1	dppB,1190228,1189307,+1	dppC,1189298,1188362,+1	dppD,1188353,1187381,+1	dppF,1187385,1186386,+1	
NC_002663:dppA,265894,267493,1	dppB,267680,268685,1	dppC,268707,269601,1	dppD,269611,270610,1	dppF,270626,271607,1	
