fecA,a	fecB,b	fecC,c	fecD,d	fecE,e	
NC_002163:fecC,1542910,1543897,1	fecE,1543896,1544673,1	
NC_005090:fecD,1080411,1081425,1	fecE,1081427,1082216,1	
NC_004917:
NC_002696:fecA,148751,150944,1	fecD,1351405,1352446,1	fecE,1352442,1353201,1	
NC_004463:fecD,7794823,7795915,1	fecE,7795911,7796718,1	
NC_003047:fecA,2576059,2578291,-1	fecC,2618549,2619650,1	fecE,2619658,2620447,1	
NC_003062:fecD,2430087,2428998,+1	fecE,2429002,2428219,+1	
NC_002678:fecD,964005,962901,+1	fecE,962885,962093,+1	fecC,6752652,6751602,-1	
NC_004310:fecD,1306203,1305201,+1	fecE,1305205,1304428,+1	
NC_004757:
NC_005085:fecC,1590271,1589203,+1	fecE,1589207,1588439,+1	fecD,2422512,2421495,+1	
NC_003112:
NC_003295:fecC,2606996,2605988,+1	fecE,2605992,2605152,+1	fecA,2937895,2935825,+1	
NC_002929:fecD,346308,345372,+1	fecE,345358,344569,+1	fecA,3079341,3077127,-1	
NC_002928:fecA,2687849,2690063,-1	fecD,4520297,4521242,1	fecE,4521256,4522045,1	
NC_002927:fecA,2078490,2080704,-1	fecA,2078490,2080704,-1	fecC,4514069,4515119,1	fecE,4515115,4515910,1	
NC_002488:
NC_003919:
NC_007086:
NC_002516:fecE,86283,87003,-1	fecA,3655985,3658151,-1	fecC,4655367,4656390,1	fecD,4656386,4657418,1	
NC_002947:fecA,324238,322168,+1	fecC,2763907,2762887,+1	fecE,2762891,2762102,+1	
NC_004578:fecB,811923,811002,+1	fecC,810987,810012,+1	fecD,810016,809047,+1	fecE,809044,808252,+1	fecA,4032519,4030398,-1	
NC_004347:fecA,827154,829116,1	fecA,827154,829116,1	fecE,1072020,1072965,1	fecC,1072961,1074104,1	
NC_004603:fecC,1391405,1392503,1	fecE,1392489,1393257,1	
NC_004459:fecC,2845492,2844496,+1	fecE,2844507,2843742,+1	
NC_005061:
NC_011833:
NC_003143:fecA,1056936,1054836,-1	fecB,1748699,1747619,+1	fecD,1747623,1746582,+1	fecC,1746596,1745555,+1	fecE,1745559,1744710,+1	
NC_004741:fecB,523848,522891,+1	fecB,523848,522891,+1	fecC,1238816,1237835,+1	fecE,1237839,1237080,+1	fecA,3589568,3587723,+1	
NC_000913:fecA,4516677,4514352,+1	fecB,4514308,4513405,+1	fecC,4513409,4512410,+1	fecD,4512414,4511457,+1	fecE,4511457,4510689,+1	
NC_003197:fecA,412662,414771,1	fecC,834416,835496,1	fecE,835495,836272,1	fecA,1673909,1676030,1	
NC_000907:fecC,1556809,1555795,+1	fecE,1555803,1555041,+1	
NC_002663:fecB,155790,154893,+1	fecC,154894,153910,+1	fecD,153911,152918,+1	fecE,152919,152145,+1	
