fliF,a	fliG,b	fliH,c	fliI,d	fliJ,e	fliK,f	
NC_002163:fliI,190167,191553,1	fliF,288456,290139,1	fliG,290138,291167,1	
NC_005090:fliF,1900731,1898997,+1	fliG,1898988,1897962,+1	fliI,2090820,2089515,+1	
NC_004917:fliI,544292,542915,+1	fliF,590872,589159,+1	fliG,589144,588112,+1	
NC_002696:fliF,1000952,1002617,1	fliG,1002616,1003639,1	fliI,3256824,3258159,1	
NC_004463:fliI,2377130,2378456,1	fliF,7707627,7709241,1	fliG,7709258,7710350,1	
NC_003047:
NC_003062:
NC_002678:
NC_004310:
NC_004757:fliF,2265037,2266684,1	fliG,2266673,2267669,1	fliH,2267866,2268586,1	fliI,2268582,2270019,1	fliJ,2270036,2270489,1	fliK,2270547,2271693,1	
NC_005085:fliF,3276270,3274641,+1	fliG,3274583,3273599,+1	fliI,3419004,3417603,+1	
NC_003112:
NC_003295:
NC_002929:fliF,1478820,1477143,+1	fliG,1477154,1476143,+1	fliH,1476151,1475395,+1	fliI,1475357,1473923,+1	fliJ,1473931,1473484,+1	
NC_002928:fliG,1617407,1616396,+1	fliH,1616404,1615648,+1	fliI,1615652,1614176,+1	fliJ,1614184,1613749,+1	fliK,1613744,1612427,+1	
NC_002927:fliF,2752324,2750647,+1	fliG,2750658,2749647,+1	fliH,2749655,2748899,+1	fliI,2748903,2747427,+1	fliJ,2747435,2746988,+1	fliK,2746983,2745639,+1	
NC_002488:
NC_003919:fliI,2282705,2281328,+1	fliF,2286043,2284318,+1	fliG,2284329,2283318,+1	
NC_007086:fliF,2721530,2723252,1	fliG,2723262,2724252,1	fliI,2724865,2726242,1	
NC_002516:fliF,1192404,1194201,1	fliG,1194206,1195223,1	fliH,1195224,1196031,1	fliI,1196020,1197376,1	fliJ,1197389,1197833,1	
NC_002947:fliI,4956735,4955379,+1	fliJ,4955373,4954920,+1	fliF,4960469,4958690,+1	fliG,4958698,4957678,+1	
NC_004578:fliF,2144683,2146468,1	fliG,2146475,2147477,1	fliI,2148300,2149659,1	
NC_004347:fliF,3368276,3366575,+1	fliG,3366583,3365536,+1	fliH,3365550,3364599,+1	fliI,3364631,3363293,+1	
NC_004603:fliI,2360007,2358687,+1	fliF,2363672,2361929,+1	fliG,2361937,2360881,+1	
NC_004459:fliF,1925454,1927200,1	fliG,1927192,1928248,1	fliI,1929141,1930467,1	
NC_005061:
NC_011833:fliF,77075,78713,1	fliG,78709,79705,1	fliH,79697,80360,1	fliI,80317,81721,1	
NC_003143:fliF,2077021,2075308,+1	fliG,2075312,2074319,+1	fliH,2074327,2073610,+1	fliI,2073648,2072193,+1	fliJ,2072094,2071647,+1	fliK,2071651,2070298,+1	
NC_004741:fliG,1991501,1992497,1	fliH,1992489,1993176,1	fliI,1993175,1994549,1	fliK,1994908,1996036,1	
NC_000913:fliF,2013228,2014887,1	fliG,2014879,2015875,1	fliH,2015867,2016554,1	fliI,2016553,2017927,1	fliJ,2017945,2018389,1	fliK,2018385,2019513,1	
NC_003197:fliF,2056538,2058221,1	fliG,2058213,2059209,1	fliH,2059201,2059909,1	fliI,2059908,2061279,1	fliJ,2061300,2061744,1	fliK,2061740,2062958,1	
NC_000907:
NC_002663:
