hisA,a	hisB,b	hisC,c	hisD,d	hisF,e	hisG,f	hisH,g	hisI,h	
NC_002163:hisC,287310,288405,1	hisG,1525439,1526339,1	hisD,1526346,1527633,1	hisB,1527629,1528688,1	hisH,1528684,1529272,1	hisA,1529268,1530000,1	hisF,1530941,1531709,1	hisI,1531710,1532334,1	
NC_005090:hisF,64947,65712,-1	hisI,88094,88784,-1	hisH,603104,603722,1	hisA,603734,604457,1	hisG,762302,762923,1	hisD,1504729,1506028,-1	hisC,1900769,1901873,-1	hisB,1961559,1962132,-1	
NC_004917:
NC_002696:hisI,481297,481717,-1	hisD,2545969,2547256,-1	hisC,2739361,2740498,-1	hisB,3989979,3990570,1	hisH,3990582,3991224,1	hisA,3991220,3991946,1	hisF,3991945,3992728,1	
NC_004463:hisB,696642,697236,1	hisH,697827,698478,1	hisA,698474,699212,1	hisF,699222,699996,1	hisD,1370712,1372008,1	hisI,6080962,6081385,-1	hisC,6845525,6846578,1	
NC_003047:hisB,61216,60607,+1	hisH,60108,59457,+1	hisA,59425,58681,+1	hisF,58685,57908,+1	hisI,57844,57520,+1	hisD,681197,679892,-1	hisC,2871000,2869893,+1	
NC_003062:hisH,43286,42635,+1	hisA,42634,41890,+1	hisF,41894,41117,+1	hisI,41102,40778,+1	hisB,44401,43804,+1	hisD,529168,527869,+1	hisC,2814394,2813347,-1	
NC_002678:hisB,3970559,3971159,1	hisH,3971640,3972291,1	hisA,3972585,3973329,1	hisF,3974161,3974953,1	hisI,3974986,3975310,1	hisD,5275691,5276984,-1	hisG,5698185,5698884,1	hisC,6407013,6408126,-1	
NC_004310:hisD,261358,262651,-1	hisC,627984,629118,-1	hisB,2005591,2006200,1	hisH,2006823,2007474,1	hisA,2007478,2008210,1	hisF,2008206,2008992,1	hisI,2009127,2009451,1	
NC_004757:hisC,703841,702761,+1	hisB,702726,702132,+1	hisH,702102,701463,+1	hisA,701395,700645,+1	hisF,700546,699769,+1	hisI,699613,699223,+1	hisI,699227,698888,+1	hisD,951943,950644,-1	hisG,950624,949973,-1	
NC_005085:hisG,645743,646385,1	hisD,646475,647780,1	hisC,648903,649974,1	hisB,649978,650572,1	hisH,650989,651628,1	hisA,651649,652390,1	hisF,652462,653227,1	hisI,653630,654029,1	
NC_003112:hisI,660939,661335,-1	hisF,661365,662133,-1	hisA,662145,662883,-1	hisH,662915,663554,-1	hisG,1641454,1642108,1	hisD,1643107,1644397,1	hisC,1644442,1645540,1	hisB,1645719,1646454,1	
NC_003295:hisH,3178062,3177408,+1	hisA,3177333,3176589,+1	hisF,3176520,3175749,+1	hisI,3175747,3175324,+1	hisD,3181794,3180465,+1	hisC,3180449,3179324,+1	hisB,3179328,3178737,+1	
NC_002929:hisG,3977516,3978188,1	hisD,3978238,3979543,1	hisC,3979539,3980637,1	hisB,3980629,3981226,1	hisH,3981257,3981935,1	hisA,3981998,3982739,1	hisF,3982735,3983545,1	hisI,3983541,3983946,1	
NC_002928:hisG,4606231,4606903,1	hisD,4606935,4608258,1	hisC,4608254,4609352,1	hisB,4609353,4609941,1	hisH,4609972,4610650,1	hisA,4610713,4611454,1	hisF,4611450,4612260,1	hisI,4612256,4612661,1	
NC_002927:hisG,5167946,5168618,1	hisD,5168650,5169973,1	hisC,5169969,5171067,1	hisB,5171068,5171656,1	hisH,5171687,5172365,1	hisA,5172428,5173169,1	hisF,5173165,5173975,1	hisI,5173971,5174376,1	
NC_002488:hisG,2106417,2105502,+1	hisD,2105506,2104210,+1	hisC,2104214,2103116,+1	hisB,2103120,2101992,+1	hisH,2101996,2101393,+1	hisA,2101397,2100599,+1	hisF,2100475,2099701,+1	hisI,2099709,2099088,+1	
NC_003919:hisG,2123558,2124473,1	hisD,2124469,2125765,1	hisC,2125761,2126853,1	hisB,2126849,2127977,1	hisH,2127973,2128576,1	hisA,2128572,2129307,1	hisF,2129300,2130077,1	hisI,2130066,2130687,1	
NC_007086:hisG,2873734,2872819,+1	hisD,2872823,2871527,+1	hisC,2871531,2870442,+1	hisB,2870446,2869318,+1	hisH,2869322,2868719,+1	hisA,2868723,2867988,+1	hisF,2867995,2867218,+1	hisI,2867229,2866608,+1	
NC_002516:hisG,4984187,4983551,+1	hisD,4983426,4982103,+1	hisC,4982101,4981045,+1	hisI,5706198,5705793,-1	hisB,5791676,5791082,+1	hisH,5791086,5790444,+1	hisA,5790132,5789394,+1	hisF,5789384,5788613,+1	
NC_002947:hisB,349952,350585,1	hisH,350585,351224,1	hisA,351512,352250,1	hisF,352260,353031,1	hisG,1104596,1105232,1	hisD,1105518,1106844,1	hisC,1106846,1107893,1	hisI,5714236,5714629,1	
NC_004578:hisG,5008534,5007898,+1	hisD,5007774,5006427,+1	hisC,5006428,5005375,+1	hisI,5864469,5864076,-1	hisB,6067105,6066511,+1	hisH,6066512,6065873,+1	hisA,6065503,6064765,+1	hisF,6064746,6063975,+1	
NC_004347:hisG,2171930,2170955,+1	hisD,2170952,2169635,+1	hisC,2169573,2168397,+1	hisB,2168315,2167223,+1	hisH,2167079,2166413,+1	hisA,2166309,2165571,+1	hisF,2165590,2164816,+1	hisI,2164734,2164098,+1	
NC_004603:hisG,1196764,1197679,1	hisD,1197684,1198980,1	hisC,1198995,1200036,1	hisB,1200101,1201175,1	hisH,1201201,1201816,1	hisA,1201828,1202566,1	hisF,1202547,1203321,1	hisI,1203317,1203953,1	
NC_004459:hisG,2987080,2986183,+1	hisD,2986178,2984882,+1	hisC,2984869,2983828,+1	hisB,2983759,2982685,+1	hisH,2982659,2982044,+1	hisA,2982032,2981294,+1	hisF,2981313,2980539,+1	hisI,2980543,2979907,+1	
NC_005061:hisG,509859,510759,1	hisD,510763,512077,1	hisC,512073,513144,1	hisB,513167,514241,1	hisH,514237,514828,1	hisA,514834,515590,1	hisF,515559,516336,1	hisI,516329,516971,1	
NC_011833:hisG,104169,105069,1	hisD,105077,106385,1	hisC,106381,107488,1	hisB,107477,108539,1	hisH,108538,109129,1	hisA,109133,109874,1	hisF,109852,110629,1	hisI,110622,111270,1	
NC_003143:hisG,1765033,1764133,+1	hisD,1764130,1762798,+1	hisC,1762796,1761647,+1	hisB,1761651,1760583,+1	hisH,1760584,1759993,+1	hisA,1759988,1759250,+1	hisF,1759269,1758492,+1	hisI,1758499,1757884,+1	
NC_004741:hisG,2079442,2080342,1	hisD,2080347,2081652,1	hisC,2081648,2082719,1	hisB,2082718,2083786,1	hisH,2083785,2084376,1	hisA,2084375,2085113,1	hisF,2085094,2085871,1	hisI,2085864,2086476,1	
NC_000913:hisG,2090191,2091091,1	hisD,2091096,2092401,1	hisC,2092397,2093468,1	hisB,2093467,2094535,1	hisH,2094534,2095125,1	hisA,2095124,2095862,1	hisF,2095843,2096620,1	hisI,2096613,2097225,1	
NC_003197:hisG,2149614,2150514,1	hisD,2150616,2151921,1	hisC,2151917,2152997,1	hisB,2152993,2154061,1	hisH,2154060,2154651,1	hisA,2154650,2155388,1	hisF,2155369,2156146,1	hisI,2156139,2156751,1	
NC_000907:hisG,490630,491542,1	hisD,491634,492918,1	hisC,492986,494090,1	hisB,494201,495290,1	hisH,495355,495955,1	hisA,495990,496740,1	hisF,496721,497498,1	hisI,497497,498163,1	
NC_002663:hisG,1390299,1391199,1	hisD,1392119,1393406,1	hisC,1393409,1394465,1	hisB,1394513,1395605,1	hisH,1396266,1396863,1	hisA,1396908,1397658,1	hisF,1397639,1398410,1	hisI,1398833,1399439,1	
