focB,a	hyfA,b	hyfB,c	hyfC,d	hyfD,e	hyfE,f	hyfF,g	hyfG,h	hyfH,i	hyfI,j	hyfJ,k	hyfR,l	
NC_002163:
NC_005090:hyfR,362854,361540,-1	hyfR,1343373,1341834,-1	hyfA,1735559,1734908,+1	hyfB,1734909,1732968,+1	hyfC,1732961,1732043,+1	hyfE,1732042,1731394,+1	hyfF,1731393,1729923,+1	hyfG,1729914,1728174,+1	hyfH,1728178,1727638,+1	hyfI,1727642,1726811,+1	
NC_004917:hyfD,1523301,1521423,+1	hyfB,1521427,1519849,+1	hyfF,1519848,1518369,+1	hyfG,1530508,1529278,+1	hyfI,1531771,1531261,+1	hyfR,1561532,1560221,-1	
NC_002696:hyfD,2140349,2138288,+1	hyfB,2138274,2136789,+1	hyfF,2136782,2135336,+1	hyfG,2149483,2148286,+1	hyfI,2151128,2150546,+1	hyfR,3565731,3564264,-1	
NC_004463:hyfR,966859,968302,-1	focB,3078880,3079783,-1	hyfA,6033566,6034163,-1	hyfR,6297406,6299338,1	hyfB,6984972,6986985,1	hyfC,6986975,6987932,1	hyfF,6988596,6990048,1	hyfG,6990066,6991578,1	hyfI,6991591,6992125,1	
NC_003047:hyfI,1378614,1379193,1	hyfG,1379872,1381063,1	hyfD,1389144,1391139,1	hyfF,1391138,1392650,1	hyfF,1392669,1394112,1	hyfR,3005681,3007223,-1	
NC_003062:hyfI,1256554,1257160,1	hyfG,1258210,1259401,1	hyfD,1267018,1269016,1	hyfB,1269015,1270527,1	hyfF,1270545,1271988,1	hyfR,1439298,1440750,1	
NC_002678:hyfD,1136692,1134718,+1	hyfB,1134719,1133213,+1	hyfF,1133195,1131758,+1	hyfG,1146002,1144811,+1	hyfI,1147224,1146621,+1	hyfR,4712165,4710341,+1	
NC_004310:hyfI,779735,780317,1	hyfG,781055,782246,1	hyfD,789173,791159,1	hyfB,791158,792667,1	hyfF,792688,794125,1	hyfR,1094499,1095975,-1	
NC_004757:hyfR,21533,20165,-1	focB,740376,739380,-1	hyfD,1912719,1910772,+1	hyfD,1910687,1909205,+1	hyfF,1909139,1907693,+1	hyfG,1920873,1919619,+1	hyfI,1922043,1921566,+1	
NC_005085:hyfG,977210,978464,1	hyfD,985167,987219,1	hyfD,987259,988759,1	hyfF,988780,990235,1	hyfI,2991364,2991880,1	hyfR,4554606,4555947,1	
NC_003112:hyfI,246960,247443,1	hyfI,246960,247443,1	hyfG,248038,249295,1	
NC_003295:hyfR,1341629,1340120,-1	hyfD,2226230,2224169,+1	hyfD,2224156,2222689,+1	hyfF,2222670,2221197,+1	hyfG,2234469,2233215,+1	hyfI,2235569,2235086,+1	hyfA,2575399,2574703,+1	
NC_002929:hyfI,870967,871444,1	hyfG,872144,873401,1	hyfD,880218,882231,1	hyfD,882230,883730,1	hyfB,883740,885225,1	hyfR,1677467,1678955,1	
NC_002928:hyfA,2073656,2073026,-1	hyfR,2852049,2850642,-1	hyfD,3647575,3645562,+1	hyfD,3645566,3644063,+1	hyfB,3644053,3642568,+1	hyfG,3655649,3654392,+1	hyfI,3656826,3656349,+1	
NC_002927:hyfR,1940790,1939398,-1	hyfA,2272210,2271580,-1	hyfD,4062796,4060783,+1	hyfD,4060787,4059284,+1	hyfB,4059274,4057789,+1	hyfG,4070870,4069613,+1	hyfI,4072047,4071570,+1	
NC_002488:hyfI,319591,320167,1	hyfG,320967,322275,1	hyfD,328931,331073,1	hyfD,331094,332600,1	hyfF,332634,334092,1	hyfR,1762189,1763617,-1	
NC_003919:hyfR,255677,257105,1	hyfR,2298596,2300081,-1	hyfG,3162396,3163704,-1	hyfI,3164489,3165065,-1	
NC_007086:hyfR,246700,248131,1	hyfI,1908822,1909398,1	hyfG,1910183,1911491,1	hyfR,2711497,2712988,1	
NC_002516:hyfR,1187586,1189059,1	hyfI,2983204,2983882,1	hyfG,2983962,2985744,1	hyfD,2992852,2994700,1	hyfF,2994727,2996257,1	hyfF,2996264,2997725,1	
NC_002947:hyfI,4656604,4657282,1	hyfG,4657361,4659143,1	hyfD,4666231,4668085,1	hyfF,4668125,4669658,1	hyfF,4669665,4671135,1	hyfR,4963880,4965356,-1	
NC_004578:hyfR,130124,131444,1	hyfI,3804270,3804945,1	hyfG,3805019,3806801,1	hyfD,3813896,3815750,1	hyfF,3815789,3817322,1	hyfF,3817329,3818799,1	
NC_004347:hyfD,1050231,1048383,+1	hyfF,1048285,1046740,+1	hyfF,1046744,1045280,+1	hyfI,1059871,1059196,+1	hyfG,1059193,1057387,+1	focB,3041131,3040156,+1	hyfR,3814328,3812861,-1	hyfA,4703957,4703360,-1	
NC_004603:
NC_004459:
NC_005061:hyfF,533956,532441,+1	hyfD,537483,535605,+1	hyfI,547324,546652,+1	hyfG,546523,544732,+1	
NC_011833:hyfI,164909,165584,1	hyfG,165674,167477,1	hyfD,174531,176376,1	hyfF,176472,177990,1	
NC_003143:hyfR,31821,30408,+1	focB,1561250,1560392,+1	hyfD,2859963,2858118,+1	hyfF,2858079,2856546,+1	hyfD,2856540,2855076,+1	hyfI,2869741,2869063,+1	hyfG,2868923,2867126,+1	hyfR,3257061,3255723,+1	
NC_004741:focB,939995,940853,-1	hyfC,2570036,2570984,1	hyfD,2571000,2572440,1	hyfE,2572451,2573102,1	hyfF,2573106,2574693,1	hyfH,2576406,2576952,1	hyfI,2576948,2577707,1	hyfJ,2577636,2578113,1	hyfG,2807714,2809424,-1	hyfC,2809441,2810365,-1	hyfB,2810367,2812161,-1	hyfA,2812197,2812809,-1	hyfR,2817297,2819376,1	
NC_000913:hyfA,2601200,2601818,1	hyfB,2601817,2603836,1	hyfC,2603846,2604794,1	hyfD,2604810,2606250,1	hyfE,2606261,2606912,1	hyfF,2606916,2608497,1	hyfG,2608486,2610154,1	hyfH,2610163,2610709,1	hyfI,2610705,2611464,1	hyfJ,2611456,2611870,1	hyfR,2611899,2613912,1	focB,2613933,2614782,1	
NC_003197:focB,1058295,1057437,+1	hyfD,2429502,2427660,+1	hyfF,2427347,2425817,+1	hyfF,2425811,2424353,+1	hyfA,2998981,2998372,+1	hyfB,2998373,2996546,+1	hyfC,2996544,2995620,+1	hyfG,2995603,2993893,+1	hyfH,2993884,2993341,+1	hyfI,2993342,2992574,+1	hyfJ,2992578,2992167,+1	hyfR,3005780,3003701,-1	
NC_000907:
NC_002663:
