leuA,a	leuB,b	leuC,c	leuD,d	leuL,e	
NC_002163:leuA,1631928,1630392,+1	leuB,1630396,1629319,+1	leuC,1629333,1627920,+1	leuD,1627919,1627316,+1	
NC_005090:leuC,545405,546674,-1	leuA,609361,610921,1	leuD,1709100,1709604,1	leuB,1709551,1710685,1	
NC_004917:leuA,1106324,1104647,+1	leuC,1104632,1103369,+1	leuD,1103314,1102816,+1	leuB,1102677,1101726,+1	
NC_002696:leuC,210531,209091,+1	leuD,209095,208486,+1	leuB,208041,206988,+1	leuA,1705982,1704407,-1	
NC_004463:leuC,450148,448609,+1	leuD,448609,447973,+1	leuB,448004,446837,+1	leuA,7085356,7083793,+1	
NC_003047:
NC_003062:leuA,2236658,2238368,-1	leuC,2693583,2694993,1	leuD,2791644,2792250,1	leuB,2792471,2793584,1	
NC_002678:
NC_004310:
NC_004757:leuC,744035,745448,1	leuD,745615,746281,1	leuB,746277,747348,1	leuA,1439776,1441309,-1	
NC_005085:leuA,634255,632716,-1	leuC,2343050,2341619,+1	leuD,2341623,2340984,+1	leuB,3015447,3014382,+1	
NC_003112:leuB,1046836,1045765,+1	leuC,1051526,1050116,+1	leuD,1049704,1049062,+1	leuA,1092068,1090514,-1	
NC_003295:leuC,2168125,2166715,+1	leuD,2166696,2166045,+1	leuB,2166036,2164944,+1	leuA,2246238,2244696,+1	
NC_002929:leuA,128377,130078,-1	leuC,1557744,1559148,1	leuD,1559162,1559813,1	leuB,1559894,1560971,1	
NC_002928:leuC,2079270,2080704,1	leuD,2080718,2081369,1	leuB,2081423,2082527,1	leuA,4671849,4673556,1	
NC_002927:leuC,1099784,1098389,+1	leuD,1098349,1097719,+1	leuB,1097716,1096603,+1	leuA,5235231,5233524,-1	
NC_002488:leuA,1734144,1732584,+1	leuB,2249448,2248374,+1	leuC,2252313,2250888,+1	leuD,2250679,2250031,+1	
NC_003919:leuA,4077942,4076379,-1	leuC,4081625,4080185,+1	leuD,4080114,4079466,+1	leuB,4079373,4078299,+1	
NC_007086:leuC,1002117,1003557,1	leuD,1003621,1004269,1	leuB,1005088,1006162,1	leuA,1007239,1008802,-1	
NC_002516:leuA,1319514,1318146,+1	leuB,3501750,3500667,+1	leuC,3504716,3503291,+1	leuD,3503280,3502641,+1	
NC_002947:leuA,1168733,1170407,-1	leuC,2250666,2252100,1	leuD,2252096,2252741,1	leuB,2253678,2254761,1	
NC_004578:leuA,1582911,1584669,-1	leuC,2392729,2394157,1	leuD,2394153,2394795,1	leuB,2394941,2396024,1	
NC_004347:leuA,4415195,4413626,+1	leuB,4413575,4412480,+1	leuC,4412481,4411056,+1	leuD,4411032,4410426,+1	
NC_004603:leuA,341058,339510,+1	leuB,339428,338336,+1	leuC,338246,336830,+1	leuD,336819,336216,+1	
NC_004459:leuA,675916,677464,1	leuB,677550,678642,1	leuC,678661,680062,1	leuD,680073,680676,1	
NC_005061:leuA,154073,152513,+1	leuB,152490,151395,+1	leuC,151384,149983,+1	leuD,149950,149335,+1	
NC_011833:
NC_003143:leuA,578337,576774,+1	leuB,576772,575680,+1	leuC,575679,574248,+1	leuD,574234,573631,+1	
NC_004741:leuL,81036,80949,+1	leuA,80857,79285,+1	leuB,79286,78194,+1	leuC,78192,76791,+1	leuD,76781,76175,+1	
NC_000913:leuL,83708,83621,+1	leuA,83529,81957,+1	leuB,81958,80866,+1	leuC,80864,79463,+1	leuD,79453,78847,+1	
NC_003197:leuA,133738,132166,+1	leuB,132167,131075,+1	leuC,131073,129672,+1	leuD,129662,129056,+1	
NC_000907:leuA,1043354,1044902,1	leuB,1044987,1046064,1	leuC,1046239,1047649,1	leuD,1047672,1048275,1	
NC_002663:leuA,2203131,2201574,+1	leuB,2201465,2200385,+1	leuC,2200045,2198638,+1	leuD,2198436,2197830,+1	
