lsrA,a	lsrB,b	lsrC,c	lsrD,d	lsrF,e	lsrG,f	tam,g	
NC_002163:lsrA,145603,144748,+1	
NC_005090:lsrA,55633,53941,+1	
NC_004917:
NC_002696:lsrA,956906,958454,1	lsrC,958450,959449,1	
NC_004463:tam,3021987,3022758,1	lsrA,3547531,3549232,1	lsrC,3549228,3550419,1	
NC_003047:tam,1062688,1061914,+1	lsrA,3483007,3482227,+1	lsrC,3482210,3481202,+1	lsrB,3481164,3480150,+1	
NC_003062:tam,866782,866011,+1	lsrA,2823674,2822156,+1	lsrC,2822148,2821125,+1	
NC_002678:tam,1336942,1336171,+1	lsrB,4594396,4593400,+1	lsrA,4593315,4591773,+1	lsrC,4591777,4590799,+1	lsrD,4590803,4589807,+1	lsrF,5964266,5963465,-1	
NC_004310:lsrA,535576,537112,1	lsrC,537132,538134,1	tam,1413028,1413796,-1	
NC_004757:
NC_005085:lsrA,3296701,3295192,+1	lsrC,3295196,3294257,+1	
NC_003112:
NC_003295:lsrA,1070918,1069346,+1	lsrC,1069357,1068310,+1	
NC_002929:lsrA,97339,98179,1	
NC_002928:lsrA,90514,91306,1	
NC_002927:lsrA,89318,90110,1	
NC_002488:
NC_003919:
NC_007086:
NC_002516:lsrA,2131834,2133367,1	lsrC,2133390,2134389,1	tam,2899106,2899934,-1	
NC_002947:lsrA,2801613,2803188,1	lsrC,2803184,2804180,1	tam,2890657,2891476,1	
NC_004578:lsrA,2619266,2620820,1	lsrC,2620816,2621809,1	lsrD,2649566,2650571,-1	
NC_004347:lsrA,82638,81903,+1	
NC_004603:lsrA,5721,4983,+1	
NC_004459:lsrA,12783,11961,+1	
NC_005061:
NC_011833:
NC_003143:lsrA,431170,429586,+1	lsrC,429593,428537,+1	lsrD,428541,427539,+1	lsrB,427474,426454,+1	lsrF,426399,425523,+1	lsrG,425460,425169,+1	tam,2819738,2818961,-1	
NC_004741:tam,1648028,1648787,-1	lsrG,1648826,1649117,-1	lsrF,1649140,1649923,-1	lsrA,1653522,1655058,1	lsrC,1655051,1656080,1	lsrD,1656079,1657072,1	
NC_000913:lsrA,1601489,1603025,1	lsrC,1603018,1604047,1	lsrD,1604046,1605039,1	lsrB,1605050,1606073,1	lsrF,1606099,1606975,1	lsrG,1606998,1607289,1	tam,1607345,1608104,1	
NC_003197:lsrA,4283500,4285036,1	lsrC,4285029,4286073,1	lsrD,4286069,4287071,1	lsrB,4287099,4288122,1	lsrF,4288150,4289026,1	lsrG,4289105,4289399,1	
NC_000907:lsrA,518466,519948,1	lsrC,519960,520932,1	lsrA,874605,876126,1	lsrD,876142,877153,1	
NC_002663:lsrA,1466837,1468355,1	lsrC,1468367,1469360,1	lsrD,1469373,1470375,1	lsrB,1470404,1471421,1	lsrF,1471435,1472308,1	lsrG,1472399,1472714,1	
