nuoA,a	nuoB,b	nuoC,c	nuoE,d	nuoF,e	nuoG,f	nuoH,g	nuoI,h	nuoJ,i	nuoK,j	nuoL,k	nuoM,l	nuoN,m	
NC_002163:nuoL,1501079,1499288,+1	nuoM,1499287,1497799,+1	nuoN,1497810,1496421,+1	nuoG,1505993,1503530,+1	nuoH,1503538,1502539,+1	nuoI,1502530,1501888,+1	nuoA,1509796,1509406,+1	nuoB,1509425,1508921,+1	nuoC,1508925,1508130,+1	nuoC,1508129,1506902,+1	
NC_005090:nuoA,471311,471701,1	nuoB,471682,472192,1	nuoC,472191,472992,1	nuoC,472998,474225,1	nuoG,476430,478671,1	nuoG,478679,479609,1	nuoH,481046,482036,1	nuoI,482041,482659,1	nuoK,483223,483526,1	nuoL,483529,485377,1	nuoM,485380,486901,1	nuoN,486900,488391,1	
NC_004917:nuoK,1523606,1523303,+1	nuoL,1523301,1521423,+1	nuoM,1521427,1519849,+1	nuoN,1519848,1518369,+1	nuoG,1528233,1525758,+1	nuoH,1525762,1524763,+1	nuoI,1524755,1524116,+1	nuoB,1531771,1531261,+1	nuoC,1531248,1530504,+1	nuoC,1530508,1529278,+1	
NC_002696:nuoL,2140349,2138288,+1	nuoM,2138274,2136789,+1	nuoN,2136782,2135336,+1	nuoA,2151496,2151118,+1	nuoB,2151128,2150546,+1	nuoC,2150550,2149956,+1	nuoC,2149483,2148286,+1	nuoE,2147961,2147274,+1	nuoF,2146782,2145462,+1	nuoG,2145457,2143396,+1	nuoH,2143392,2142321,+1	nuoI,2141851,2141359,+1	
NC_004463:nuoL,5441396,5439323,+1	nuoM,5439323,5437814,+1	nuoN,5437792,5436355,+1	nuoE,5448359,5447747,+1	nuoF,5447526,5446200,+1	nuoG,5446195,5444119,+1	nuoH,5444109,5443041,+1	nuoI,5443045,5442538,+1	nuoA,5452112,5451746,+1	nuoB,5451777,5451168,+1	nuoC,5451157,5450545,+1	nuoC,5450543,5449346,+1	
NC_003047:nuoA,1378258,1378624,1	nuoB,1378614,1379193,1	nuoC,1379210,1379816,1	nuoC,1379872,1381063,1	nuoE,1381333,1382161,1	nuoF,1382175,1383480,1	nuoG,1384331,1386413,1	nuoH,1386433,1387477,1	nuoI,1387538,1388033,1	nuoL,1389144,1391139,1	nuoM,1391138,1392650,1	nuoN,1392669,1394112,1	
NC_003062:nuoA,1256219,1256585,1	nuoB,1256554,1257160,1	nuoC,1257181,1257784,1	nuoC,1258210,1259401,1	nuoE,1259677,1260787,1	nuoF,1260797,1262102,1	nuoG,1262251,1264333,1	nuoH,1264346,1265393,1	nuoI,1265429,1265921,1	nuoL,1267018,1269016,1	nuoM,1269015,1270527,1	nuoN,1270545,1271988,1	
NC_002678:nuoL,1136692,1134718,+1	nuoM,1134719,1133213,+1	nuoN,1133195,1131758,+1	nuoG,1141375,1139293,+1	nuoH,1139291,1138247,+1	nuoI,1138251,1137756,+1	nuoA,1147559,1147193,+1	nuoB,1147224,1146621,+1	nuoC,1146617,1146011,+1	nuoC,1146002,1144811,+1	nuoE,1144811,1143536,+1	nuoF,1143526,1142221,+1	
NC_004310:nuoA,779379,779745,1	nuoB,779735,780317,1	nuoC,780429,781038,1	nuoC,781055,782246,1	nuoE,782245,782959,1	nuoF,782962,784270,1	nuoG,784404,786489,1	nuoH,786508,787552,1	nuoI,787564,788056,1	nuoL,789173,791159,1	nuoM,791158,792667,1	nuoN,792688,794125,1	
NC_004757:nuoL,1912719,1910772,+1	nuoM,1910687,1909205,+1	nuoN,1909139,1907693,+1	nuoA,1922415,1922046,+1	nuoB,1922043,1921566,+1	nuoC,1921554,1920933,+1	nuoC,1920873,1919619,+1	nuoE,1919623,1919134,+1	nuoF,1919138,1917860,+1	nuoG,1917798,1915392,+1	nuoH,1915370,1914269,+1	nuoI,1914256,1913767,+1	
NC_005085:nuoA,975787,976144,1	nuoB,976134,976611,1	nuoC,976621,977218,1	nuoC,977210,978464,1	nuoE,978463,978964,1	nuoF,978963,980259,1	nuoG,980262,982584,1	nuoH,982587,983637,1	nuoI,983657,984146,1	nuoL,985167,987219,1	nuoM,987259,988759,1	nuoN,988780,990235,1	
NC_003112:nuoA,246613,246970,1	nuoB,246960,247443,1	nuoC,247455,248049,1	nuoC,248038,249295,1	nuoE,249294,249768,1	nuoF,250157,251459,1	nuoG,252732,254994,1	nuoH,254996,256073,1	nuoI,256153,256633,1	nuoL,259502,261527,1	nuoM,261622,263119,1	nuoN,263128,264571,1	
NC_003295:nuoL,2226230,2224169,+1	nuoM,2224156,2222689,+1	nuoM,2222670,2221197,+1	nuoA,2235935,2235575,+1	nuoB,2235569,2235086,+1	nuoC,2235085,2234482,+1	nuoC,2234469,2233215,+1	nuoE,2233114,2232610,+1	nuoF,2232610,2231314,+1	nuoG,2231302,2228950,+1	nuoH,2228942,2227877,+1	nuoI,2227857,2227365,+1	
NC_002929:nuoA,870571,870931,1	nuoB,870967,871444,1	nuoC,871518,872142,1	nuoC,872144,873401,1	nuoE,873446,873941,1	nuoF,873937,875305,1	nuoG,875320,877648,1	nuoH,877647,878721,1	nuoI,878742,879231,1	nuoL,880218,882231,1	nuoM,882230,883730,1	nuoN,883740,885225,1	
NC_002928:nuoL,3647575,3645562,+1	nuoM,3645566,3644063,+1	nuoN,3644053,3642568,+1	nuoA,3657222,3656862,+1	nuoB,3656826,3656349,+1	nuoC,3656275,3655651,+1	nuoC,3655649,3654392,+1	nuoE,3654347,3653852,+1	nuoF,3653856,3652488,+1	nuoG,3652473,3650145,+1	nuoH,3650146,3649072,+1	nuoI,3649006,3648562,+1	
NC_002927:nuoL,4062796,4060783,+1	nuoM,4060787,4059284,+1	nuoN,4059274,4057789,+1	nuoA,4072443,4072083,+1	nuoB,4072047,4071570,+1	nuoC,4071496,4070872,+1	nuoC,4070870,4069613,+1	nuoE,4069568,4069073,+1	nuoF,4069077,4067709,+1	nuoG,4067694,4065366,+1	nuoH,4065367,4064293,+1	nuoI,4064272,4063783,+1	
NC_002488:nuoA,319214,319622,1	nuoB,319591,320167,1	nuoC,320218,320971,1	nuoC,320967,322275,1	nuoE,322271,322799,1	nuoF,322803,324138,1	nuoG,324134,326369,1	nuoH,326398,327457,1	nuoI,327457,327949,1	nuoL,328931,331073,1	nuoM,331094,332600,1	nuoN,332634,334092,1	
NC_003919:nuoL,3155747,3153602,+1	nuoM,3153582,3152079,+1	nuoN,3152046,3150585,+1	nuoA,3165391,3165034,+1	nuoB,3165065,3164489,+1	nuoC,3164453,3163700,+1	nuoC,3163704,3162396,+1	nuoE,3162400,3161872,+1	nuoF,3161869,3160534,+1	nuoG,3160538,3158303,+1	nuoH,3158307,3157215,+1	nuoI,3157212,3156723,+1	
NC_007086:nuoA,1908496,1908853,1	nuoB,1908822,1909398,1	nuoC,1909434,1910187,1	nuoC,1910183,1911491,1	nuoE,1911487,1912015,1	nuoF,1912018,1913353,1	nuoG,1913349,1915584,1	nuoH,1915580,1916672,1	nuoI,1916672,1917164,1	nuoL,1918140,1920324,1	nuoM,1920344,1921847,1	nuoN,1921883,1923344,1	
NC_002516:nuoA,2982780,2983194,1	nuoB,2983204,2983882,1	nuoC,2983962,2985744,1	nuoE,2985745,2986246,1	nuoF,2986242,2987589,1	nuoG,2987720,2990438,1	nuoH,2990434,2991430,1	nuoI,2991441,2991990,1	nuoJ,2992001,2992502,1	nuoK,2992547,2992856,1	nuoL,2992852,2994700,1	nuoM,2994727,2996257,1	nuoN,2996264,2997725,1	
NC_002947:nuoA,4656181,4656595,1	nuoB,4656604,4657282,1	nuoC,4657361,4659143,1	nuoE,4659145,4659643,1	nuoF,4659639,4661001,1	nuoG,4661133,4663848,1	nuoH,4663844,4664852,1	nuoI,4664863,4665412,1	nuoJ,4665422,4665923,1	nuoK,4665926,4666235,1	nuoL,4666231,4668085,1	nuoM,4668125,4669658,1	nuoM,4669665,4671135,1	
NC_004578:nuoA,3803846,3804260,1	nuoB,3804270,3804945,1	nuoC,3805019,3806801,1	nuoE,3806803,3807301,1	nuoF,3807297,3808656,1	nuoG,3808793,3811511,1	nuoH,3811507,3812515,1	nuoI,3812526,3813075,1	nuoJ,3813085,3813595,1	nuoK,3813591,3813900,1	nuoL,3813896,3815750,1	nuoM,3815789,3817322,1	nuoM,3817329,3818799,1	
NC_004347:nuoA,1060305,1059900,+1	nuoB,1059871,1059196,+1	nuoC,1059193,1057387,+1	nuoE,1057306,1056763,+1	nuoF,1056767,1055381,+1	nuoG,1055340,1052610,+1	nuoH,1052614,1051645,+1	nuoI,1051637,1051094,+1	nuoJ,1051084,1050532,+1	nuoK,1050536,1050227,+1	nuoL,1050231,1048383,+1	nuoM,1048285,1046740,+1	nuoM,1046744,1045280,+1	
NC_004603:
NC_004459:
NC_005061:nuoA,547761,547329,+1	nuoB,547324,546652,+1	nuoC,546523,544732,+1	nuoE,544642,544177,+1	nuoF,544175,542837,+1	nuoG,542725,539899,+1	nuoH,539903,538934,+1	nuoI,538908,538362,+1	nuoJ,538333,537781,+1	nuoK,537782,537479,+1	nuoL,537483,535605,+1	nuoM,535561,534031,+1	nuoN,533956,532441,+1	
NC_011833:nuoA,164471,164876,1	nuoB,164909,165584,1	nuoC,165674,167477,1	nuoE,167499,167988,1	nuoF,167984,169319,1	nuoG,169412,172133,1	nuoH,172144,173113,1	nuoI,173137,173680,1	nuoJ,173689,174202,1	nuoK,174232,174535,1	nuoL,174531,176376,1	nuoM,176472,177990,1	nuoN,178047,179457,1	
NC_003143:nuoA,2870337,2869842,+1	nuoB,2869741,2869063,+1	nuoC,2868923,2867126,+1	nuoE,2867079,2866560,+1	nuoF,2866564,2865178,+1	nuoG,2865092,2862347,+1	nuoH,2862351,2861373,+1	nuoI,2861359,2860816,+1	nuoJ,2860804,2860258,+1	nuoK,2860262,2859959,+1	nuoL,2859963,2858118,+1	nuoM,2858079,2856546,+1	nuoN,2856540,2855076,+1	
NC_004741:nuoA,2392642,2392198,+1	nuoB,2392183,2391520,+1	nuoC,2391427,2389624,+1	nuoE,2389622,2389121,+1	nuoF,2389125,2387787,+1	nuoG,2387735,2385008,+1	nuoH,2385012,2384034,+1	nuoI,2384020,2383477,+1	nuoJ,2383466,2382911,+1	nuoK,2382915,2382612,+1	nuoL,2382616,2380774,+1	nuoM,2380611,2379081,+1	nuoN,2379075,2377617,+1	
NC_000913:nuoA,2405072,2404628,+1	nuoB,2404613,2403950,+1	nuoC,2403845,2402054,+1	nuoE,2402052,2401551,+1	nuoF,2401555,2400217,+1	nuoG,2400165,2397438,+1	nuoH,2397442,2396464,+1	nuoI,2396450,2395907,+1	nuoJ,2395896,2395341,+1	nuoK,2395345,2395042,+1	nuoL,2395046,2393204,+1	nuoM,2393041,2391511,+1	nuoN,2391505,2390047,+1	
NC_003197:nuoA,2439498,2439054,+1	nuoB,2439039,2438376,+1	nuoC,2438290,2436487,+1	nuoE,2436485,2435984,+1	nuoF,2435988,2434650,+1	nuoG,2434620,2431893,+1	nuoH,2431897,2430919,+1	nuoI,2430905,2430362,+1	nuoJ,2430352,2429797,+1	nuoK,2429801,2429498,+1	nuoL,2429502,2427660,+1	nuoM,2427347,2425817,+1	nuoM,2425811,2424353,+1	
NC_000907:
NC_002663:
