paaA,a	paaB,b	paaC,c	paaD,d	paaE,e	paaF,f	paaG,g	paaH,h	paaI,i	paaJ,j	paaK,k	
NC_002163:
NC_005090:
NC_004917:
NC_002696:paaF,4021,4810,1	paaH,76476,78606,-1	paaJ,78702,79908,-1	paaG,2047841,2048645,1	
NC_004463:paaG,134743,135556,1	paaJ,1277009,1278218,1	paaH,1278238,1280452,1	paaA,3184728,3185727,1	paaB,3185806,3186025,1	paaC,3186021,3186801,1	paaD,3186794,3187298,1	paaE,3187246,3188383,1	paaI,3188457,3188934,1	paaK,3188909,3190298,1	paaG,3244327,3245116,1	
NC_003047:paaF,397946,397172,-1	paaJ,591343,590134,+1	paaH,590113,587899,+1	paaE,957418,956323,-1	paaG,963337,962584,-1	
NC_003062:paaF,315553,316315,1	paaJ,491831,493040,1	paaH,493224,495441,1	paaE,727574,728507,1	paaG,732950,733709,1	
NC_002678:paaE,4041915,4043013,-1	paaG,4345329,4346133,-1	paaF,4480245,4481019,-1	paaJ,4520270,4521479,1	paaH,4521492,4523712,1	
NC_004310:
NC_004757:
NC_005085:
NC_003112:
NC_003295:paaH,268556,269411,1	paaJ,307800,308982,-1	paaF,3101635,3102412,-1	paaG,3102491,3103280,1	paaI,3103276,3103744,1	paaK,3103809,3105120,1	
NC_002929:paaE,436622,433235,+1	paaH,681992,679874,+1	paaJ,679845,678660,+1	paaG,2843084,2842295,+1	paaI,2842296,2841825,+1	paaK,2841751,2840437,+1	paaA,2849568,2848578,+1	paaB,2848514,2848229,+1	paaC,2848214,2847449,+1	paaD,2847453,2846946,+1	paaF,3495510,3494682,-1	
NC_002928:paaF,559830,560616,1	paaA,1783435,1784419,1	paaB,1784483,1784768,1	paaC,1784783,1785548,1	paaD,1785544,1786051,1	paaE,1786062,1787151,1	paaG,1788876,1789665,1	paaI,1789664,1790135,1	paaK,1790326,1791523,1	paaJ,2491666,2492866,-1	paaH,2492875,2495266,-1	
NC_002927:paaF,561511,560776,-1	paaH,1887643,1885252,+1	paaJ,1885243,1884043,+1	paaG,3674238,3673449,+1	paaI,3673450,3672979,+1	paaK,3672905,3671591,+1	paaA,3679685,3678695,+1	paaB,3678631,3678346,+1	paaC,3678331,3677566,+1	paaD,3677570,3677063,+1	paaE,3677052,3675963,+1	
NC_002488:
NC_003919:
NC_007086:
NC_002516:paaF,4025526,4024728,+1	paaH,4024732,4023199,+1	paaJ,4023177,4021971,+1	paaG,5593424,5592632,+1	paaE,6088199,6087098,-1	
NC_002947:paaF,3719397,3718623,+1	paaG,3718589,3717797,+1	paaH,3717795,3716277,+1	paaI,3716285,3715844,+1	paaJ,3715852,3714631,+1	paaK,3714510,3713190,+1	paaA,3712992,3712002,+1	paaB,3711977,3711695,+1	paaC,3711687,3710928,+1	paaD,3710942,3710408,+1	paaE,3710393,3709316,+1	
NC_004578:paaI,356256,355872,+1	paaI,356256,355872,+1	paaE,446554,445453,-1	paaG,3019429,3018616,-1	paaJ,3557964,3556755,+1	paaF,3556673,3555899,+1	
NC_004347:paaH,26643,24492,+1	paaJ,24470,23306,+1	paaE,1421053,1419940,-1	paaF,1768158,1767384,-1	paaG,4055930,4055192,-1	
NC_004603:paaH,30254,28082,+1	paaJ,28067,26891,+1	paaF,970054,969187,-1	paaE,1249916,1248860,+1	
NC_004459:paaH,983283,985455,1	paaJ,985467,986631,1	paaE,2930088,2931132,1	paaF,3243908,3244787,-1	
NC_005061:
NC_011833:
NC_003143:paaE,1523821,1524844,-1	paaE,1523821,1524844,-1	paaJ,3076746,3078057,1	paaF,3078056,3080381,1	
NC_004741:paaF,35186,34292,+1	paaE,856203,855234,+1	paaJ,2448889,2447578,+1	paaH,2447579,2445434,+1	paaG,2991128,2990342,-1	
NC_000913:paaA,1453926,1454856,1	paaB,1454867,1455155,1	paaC,1455163,1455910,1	paaD,1455924,1456422,1	paaE,1456429,1457500,1	paaF,1457496,1458264,1	paaG,1458263,1459052,1	paaH,1459053,1460481,1	paaI,1460470,1460893,1	paaJ,1460892,1462098,1	paaK,1462124,1463438,1	
NC_003197:paaF,82510,81724,+1	paaE,1012954,1011982,+1	paaJ,2501562,2500251,+1	paaH,2500252,2498104,+1	
NC_000907:
NC_002663:
