phoU,a	pstA,b	pstB,c	pstC,d	pstS,e	
NC_002163:pstC,574228,575143,1	pstA,575139,576228,1	pstB,576224,576965,1	
NC_005090:pstC,905709,904452,+1	pstA,904440,903267,+1	pstB,903258,902469,+1	pstS,902473,901546,+1	
NC_004917:
NC_002696:pstC,306028,307462,1	pstA,307454,308750,1	pstB,308809,309634,1	phoU,309659,310352,1	
NC_004463:pstS,1204690,1205716,1	pstC,1205836,1206835,1	pstA,1206839,1207685,1	pstB,1207681,1208503,1	phoU,1208514,1209231,1	
NC_003047:pstC,568412,569324,1	pstA,569320,570643,1	pstB,570656,571472,1	phoU,571558,572272,1	
NC_003062:pstC,417600,419085,1	pstA,419081,420404,1	pstB,420418,421234,1	phoU,421330,422056,1	
NC_002678:pstS,2999603,2998547,+1	pstC,2998479,2997495,+1	pstA,2997492,2996640,+1	pstB,2996644,2995840,+1	phoU,2995815,2995107,+1	
NC_004310:pstC,2062355,2063846,1	pstA,2063845,2065156,1	pstB,2065220,2065994,1	phoU,2066059,2066782,1	
NC_004757:pstC,1086199,1087129,1	pstA,1087134,1088070,1	pstB,1088079,1088880,1	phoU,1880057,1880765,1	
NC_005085:pstS,974317,973279,+1	pstC,973196,972233,+1	pstA,972232,971308,+1	pstB,971305,970531,+1	phoU,1325727,1325022,-1	
NC_003112:
NC_003295:pstS,1633356,1634388,1	pstC,1634469,1635435,1	pstA,1635473,1636358,1	pstB,1636354,1637146,1	phoU,1637186,1637894,1	
NC_002929:pstS,1118425,1117384,+1	pstC,1117250,1116233,+1	pstA,1116191,1115354,+1	pstB,1115310,1114533,+1	phoU,2478326,2477519,+1	
NC_002928:phoU,1810471,1811278,1	pstS,2221230,2222271,1	pstC,2222405,2223422,1	pstA,2223443,2224301,1	pstB,2224297,2225122,1	
NC_002927:pstS,1570138,1571179,1	pstC,1571313,1572330,1	pstA,1572351,1573209,1	pstB,1573205,1574030,1	phoU,3651738,3652518,-1	
NC_002488:pstS,2033850,2034945,1	pstC,2035056,2036031,1	pstA,2036030,2036894,1	pstB,2036914,2037745,1	phoU,2037764,2038475,1	
NC_003919:pstS,1824690,1823670,+1	pstS,1823320,1822228,+1	pstC,1822116,1821141,+1	pstA,1821142,1820272,+1	pstB,1820250,1819419,+1	phoU,1819291,1818580,+1	
NC_007086:pstS,3252467,3253559,1	pstS,3253736,3254828,1	pstC,3254940,3255915,1	pstA,3255914,3256778,1	pstB,3256800,3257631,1	phoU,3257751,3258462,1	
NC_002516:pstC,6037789,6035755,+1	pstA,6035736,6034059,+1	pstB,6034044,6033210,+1	phoU,6033115,6032386,+1	
NC_002947:pstS,3043338,3044385,1	pstC,3044455,3045424,1	pstA,3045420,3046314,1	pstB,3046310,3047150,1	phoU,6070797,6071568,-1	pstB,6071669,6072515,-1	pstA,6072575,6074246,-1	
NC_004578:pstS,3695542,3694516,+1	pstC,3694435,3693439,+1	pstA,3693431,3692558,+1	pstB,3692559,3691779,+1	pstA,6251034,6249360,+1	pstB,6249294,6248460,+1	phoU,6248390,6247628,+1	
NC_004347:pstC,1808380,1810639,1	pstA,1810698,1812357,1	pstB,1812390,1813209,1	phoU,1813340,1814051,1	
NC_004603:pstA,601238,602912,1	pstB,602914,603733,1	phoU,603763,604462,1	
NC_004459:pstA,458878,457207,+1	pstB,457206,456387,+1	phoU,456363,455664,+1	
NC_005061:
NC_011833:
NC_003143:pstS,4638712,4637671,+1	pstC,4637458,4636486,+1	pstA,4636485,4635597,+1	pstB,4635517,4634740,+1	phoU,4634653,4633930,+1	
NC_004741:pstS,3938805,3937764,+1	pstC,3937678,3936766,+1	pstA,3936719,3935828,+1	pstB,3935737,3934963,+1	phoU,3934949,3934223,+1	
NC_000913:pstS,3911525,3910484,+1	pstC,3910398,3909438,+1	pstA,3909439,3908548,+1	pstB,3908366,3907592,+1	phoU,3907578,3906852,+1	
NC_003197:pstS,4064625,4063584,+1	pstC,4063449,4062489,+1	pstA,4062490,4061599,+1	pstB,4061513,4060739,+1	phoU,4060725,4059999,+1	
NC_000907:pstB,63155,61391,+1	pstS,1480084,1479080,+1	pstC,1478990,1478042,+1	pstA,1478041,1477192,+1	
NC_002663:pstS,512308,511096,+1	pstC,511034,510071,+1	pstA,510071,509228,+1	pstB,509211,508431,+1	
