rbsA,a	rbsB,b	rbsC,c	rbsD,d	rbsK,e	rbsR,f	
NC_002163:rbsA,145603,144748,+1	
NC_005090:rbsA,55633,53941,+1	
NC_004917:
NC_002696:rbsB,955903,956884,1	rbsA,956906,958454,1	rbsC,958450,959449,1	rbsK,1057051,1057963,-1	rbsR,1804536,1805544,-1	
NC_004463:rbsK,862353,863355,1	rbsA,1234932,1235691,1	rbsC,1235687,1236773,1	rbsB,1236855,1237800,1	rbsK,2045598,2046540,1	
NC_003047:rbsB,19441,20431,1	rbsA,20542,22096,1	rbsC,22129,23104,1	rbsK,453188,454088,-1	rbsR,3606089,3607133,-1	
NC_003062:rbsB,66550,67573,1	rbsC,67797,68880,1	rbsA,68879,69662,1	rbsK,358548,359448,-1	rbsR,573200,574226,-1	
NC_002678:rbsK,1456869,1457847,-1	rbsR,6738626,6739658,1	rbsA,6739665,6741183,1	rbsC,6741263,6742238,1	rbsB,6742308,6743298,1	
NC_004310:rbsK,126006,126933,-1	rbsA,535576,537112,1	rbsC,537132,538134,1	rbsB,538212,539175,1	rbsR,1974186,1975245,-1	
NC_004757:
NC_005085:rbsK,3297997,3297106,+1	rbsD,3297110,3296711,+1	rbsA,3296701,3295192,+1	rbsC,3295196,3294257,+1	rbsB,3294198,3293262,+1	rbsR,3293064,3292104,+1	
NC_003112:
NC_003295:rbsB,1071913,1070953,+1	rbsA,1070918,1069346,+1	rbsC,1069357,1068310,+1	rbsR,1068291,1067247,+1	rbsK,1067211,1066263,+1	
NC_002929:rbsA,2742956,2741321,+1	rbsR,2741238,2740176,+1	
NC_002928:rbsR,576327,577344,1	rbsA,2970038,2971592,1	rbsC,2971581,2972547,1	
NC_002927:rbsR,578339,577322,-1	rbsA,2878461,2876907,+1	rbsC,2876918,2875952,+1	
NC_002488:
NC_003919:
NC_007086:
NC_002516:rbsB,2130853,2131813,1	rbsA,2131834,2133367,1	rbsC,2133390,2134389,1	rbsR,2134392,2135406,1	rbsK,2135459,2136386,1	
NC_002947:rbsB,2800654,2801614,1	rbsA,2801613,2803188,1	rbsC,2803184,2804180,1	rbsR,2804184,2805207,1	rbsK,2805222,2806131,1	rbsD,2806127,2806526,1	
NC_004578:rbsB,2618253,2619213,1	rbsA,2619266,2620820,1	rbsC,2620816,2621809,1	rbsR,2621810,2622827,1	rbsK,2622857,2623778,1	rbsD,2623774,2624179,1	
NC_004347:rbsA,82638,81903,+1	rbsK,822708,821796,+1	rbsR,3671169,3670152,-1	
NC_004603:rbsA,5721,4983,+1	rbsR,1080013,1079008,+1	
NC_004459:rbsA,12783,11961,+1	rbsR,2139287,2138282,+1	
NC_005061:
NC_011833:
NC_003143:rbsD,7895,8315,1	rbsK,8365,9292,1	rbsR,2807154,2808159,1	rbsC,2808291,2809284,-1	rbsA,2809280,2810771,-1	rbsB,2810810,2811728,-1	
NC_004741:rbsK,1525145,1524197,-1	rbsR,2243684,2242643,+1	rbsB,2242364,2241365,+1	rbsA,2241305,2239784,+1	rbsC,2239769,2238758,+1	rbsD,3831238,3830818,+1	
NC_000913:rbsD,3933350,3933770,1	rbsA,3933777,3935283,1	rbsC,3935287,3936253,1	rbsB,3936277,3937168,1	rbsK,3937293,3938223,1	rbsR,3938226,3939219,1	
NC_003197:rbsD,4091658,4092078,1	rbsA,4092085,4093591,1	rbsC,4093596,4094562,1	rbsB,4094586,4095477,1	rbsK,4095610,4096540,1	rbsR,4096543,4097542,1	
NC_000907:rbsD,518033,518453,1	rbsA,518466,519948,1	rbsC,519960,520932,1	rbsB,520951,521830,1	rbsK,521927,522848,1	rbsR,522875,523874,1	
NC_002663:rbsD,184510,184090,+1	rbsA,184079,182582,+1	rbsC,182566,181597,+1	rbsB,181570,180682,+1	rbsK,180599,179678,+1	rbsR,179596,178582,+1	
