acpS,a	era,b	pdxJ,c	recO,d	rnc,e	
NC_002163:
NC_005090:
NC_004917:
NC_002696:pdxJ,1721591,1722356,1	acpS,1722352,1722754,1	rnc,1724049,1724745,1	era,1725608,1726610,1	
NC_004463:rnc,5616321,5615499,+1	era,5615510,5614583,+1	pdxJ,5618500,5617747,+1	acpS,5617751,5617331,+1	
NC_003047:acpS,1168354,1168774,1	rnc,1169676,1170393,1	era,1170389,1171331,1	pdxJ,2249853,2250606,-1	
NC_003062:acpS,1026080,1026485,1	rnc,1027434,1028154,1	era,1028237,1029179,1	pdxJ,1985657,1986413,-1	
NC_002678:pdxJ,1184867,1185608,-1	acpS,6427122,6427536,1	rnc,6428367,6429081,1	era,6429065,6429998,1	
NC_004310:acpS,650585,650990,1	rnc,651851,652589,1	era,652733,653669,1	pdxJ,1339686,1340427,-1	
NC_004757:rnc,2525508,2524770,+1	era,2524685,2523794,+1	pdxJ,2523740,2523014,+1	acpS,2523018,2522640,+1	
NC_005085:rnc,2253780,2254491,1	era,2254487,2255378,1	recO,2255655,2256393,1	pdxJ,2256418,2257147,1	acpS,2257706,2258084,1	
NC_003112:recO,461794,462586,1	pdxJ,462609,463338,1	acpS,465398,465776,1	rnc,711322,712042,1	era,712038,713013,1	
NC_003295:rnc,1116544,1117315,1	era,1117362,1118259,1	recO,1118279,1119098,1	pdxJ,1119094,1119886,1	acpS,1119909,1120326,1	
NC_002929:acpS,2200890,2200428,-1	pdxJ,2200344,2199597,-1	rnc,2574223,2573452,+1	era,2573456,2572565,+1	recO,2572573,2571985,+1	
NC_002928:acpS,1889988,1889526,-1	pdxJ,1889442,1888695,-1	rnc,3553842,3553071,+1	era,3553075,3552184,+1	recO,3552192,3551604,+1	
NC_002927:pdxJ,3573933,3573186,+1	acpS,3573102,3572640,+1	rnc,3970300,3969529,+1	era,3969533,3968642,+1	recO,3968650,3968062,+1	
NC_002488:pdxJ,53903,54686,1	rnc,2136467,2137106,1	era,2137102,2137999,1	recO,2138169,2138901,1	
NC_003919:pdxJ,13648,14416,-1	rnc,1530541,1531222,1	era,1531218,1532118,1	recO,1532353,1533076,1	
NC_007086:pdxJ,14883,14112,+1	rnc,3553344,3552663,+1	era,3552667,3551770,+1	recO,3551531,3550805,+1	
NC_002516:rnc,838724,839414,1	era,839406,840324,1	recO,840384,841086,1	pdxJ,841078,841825,1	
NC_002947:rnc,1634065,1634755,1	era,1634741,1635650,1	recO,1635819,1636503,1	pdxJ,1636546,1637287,1	
NC_004578:rnc,4750987,4750297,+1	era,4750305,4749402,+1	recO,4749342,4748658,+1	pdxJ,4748596,4747855,+1	
NC_004347:rnc,1404928,1405609,1	era,1405605,1406625,1	recO,1406679,1407381,1	pdxJ,1407465,1408203,1	acpS,1408202,1408586,1	
NC_004603:rnc,2718967,2718289,+1	era,2718297,2717334,+1	recO,2717213,2716481,+1	pdxJ,2716485,2715753,+1	acpS,2715740,2715359,+1	
NC_004459:rnc,1536469,1537147,1	era,1537139,1538102,1	recO,1538187,1538919,1	pdxJ,1538915,1539647,1	acpS,1539647,1540028,1	
NC_005061:era,592011,590553,+1	rnc,603368,602669,+1	pdxJ,602444,601700,+1	acpS,601704,601326,+1	
NC_011833:rnc,284539,283858,+1	era,283862,283010,+1	acpS,282885,282504,+1	
NC_003143:rnc,3046570,3047251,1	era,3047247,3048159,1	recO,3048168,3048894,1	acpS,3273851,3274232,-1	pdxJ,3274231,3274963,-1	
NC_004741:rnc,2694722,2694041,+1	era,2694045,2693139,+1	recO,2693128,2692399,+1	pdxJ,2692388,2691656,+1	acpS,2691657,2691276,+1	
NC_000913:rnc,2704063,2703382,+1	era,2703386,2702480,+1	recO,2702469,2701740,+1	pdxJ,2701729,2700997,+1	acpS,2700998,2700617,+1	
NC_003197:rnc,2725507,2724826,+1	era,2724830,2723924,+1	recO,2723913,2723184,+1	pdxJ,2723173,2722441,+1	acpS,2722442,2722061,+1	
NC_000907:rnc,15011,14327,+1	era,14331,13422,+1	recO,359839,359128,-1	
NC_002663:rnc,88294,87616,+1	era,87620,86699,+1	recO,2110175,2109464,+1	
