rplA,a	rplJ,b	rplK,c	rplL,d	rpoB,e	rpoC,f	
NC_002163:rplK,436672,437098,1	rplA,437152,437854,1	rplJ,438005,438485,1	rplL,438505,438883,1	rpoB,438991,443128,1	rpoC,443120,447674,1	
NC_005090:rplK,456074,456500,1	rplA,456528,457233,1	rplJ,457347,457830,1	rplL,457863,458238,1	rpoB,458350,467002,1	
NC_004917:rplK,358520,358094,+1	rplA,358078,357373,+1	rplJ,357283,356800,+1	rplL,356780,356399,+1	rpoB,356252,347567,+1	
NC_002696:rplJ,516550,517069,1	rplL,517114,517498,1	rpoB,521800,525871,1	rpoC,525984,530175,1	rplA,707851,708541,-1	rplK,708545,708977,-1	
NC_004463:rplJ,5957330,5956811,+1	rplL,5956757,5956379,+1	rpoB,5955896,5951777,+1	rpoC,5951646,5947449,+1	rplK,5960100,5959671,+1	rplA,5959665,5958972,+1	
NC_003047:rplK,1461624,1462053,1	rplA,1462057,1462756,1	rplJ,1463088,1463607,1	rplL,1463665,1464046,1	rpoB,1464311,1468454,1	rpoC,1468639,1472845,1	
NC_003062:rplK,1934039,1933607,+1	rplA,1933605,1932909,+1	rplJ,1932553,1932034,+1	rplL,1931975,1931597,+1	rpoB,1931334,1927197,+1	rpoC,1927016,1922807,+1	
NC_002678:rplK,190704,191133,1	rplA,191137,191836,1	rplJ,192229,192748,1	rplL,192802,193180,1	rpoB,193430,197567,1	rpoC,197698,201895,1	
NC_004310:rplK,1217131,1216702,+1	rplA,1216698,1215996,+1	rplJ,1215606,1215087,+1	rplL,1215036,1214661,+1	rpoB,1214454,1210320,+1	rpoC,1210172,1205969,+1	
NC_004757:rplK,2226893,2226461,+1	rplA,2226460,2225767,+1	rplJ,2225463,2224947,+1	rplL,2224877,2224502,+1	rpoB,2224167,2220093,+1	rpoC,2219947,2215732,+1	
NC_005085:rplK,4530998,4530566,+1	rplA,4530565,4529869,+1	rplJ,4529529,4529034,+1	rplL,4528998,4528626,+1	rpoB,4528472,4524299,+1	rpoC,4524242,4520051,+1	
NC_003112:rplK,134561,134996,1	rplA,134995,135691,1	rplJ,135920,136421,1	rplL,136478,136850,1	rpoB,137033,141218,1	rpoC,141374,145550,1	
NC_003295:rplK,3270490,3270058,+1	rplA,3270056,3269360,+1	rplJ,3268990,3268483,+1	rplL,3268417,3268042,+1	rpoB,3267595,3263488,+1	rpoC,3263370,3259140,+1	
NC_002929:rplK,9137,9569,1	rplA,9571,10270,1	rplJ,10512,11037,1	rplL,11118,11502,1	rpoB,11661,15774,1	rpoC,15773,20018,1	
NC_002928:rplK,9182,9614,1	rplA,9616,10315,1	rplJ,10557,11082,1	rplL,11163,11547,1	rpoB,11682,15819,1	rpoC,15818,20063,1	
NC_002927:rplK,9122,9554,1	rplA,9556,10255,1	rplJ,10497,11022,1	rplL,11103,11487,1	rpoB,11622,15759,1	rpoC,15758,20003,1	
NC_002488:rplJ,2521257,2520729,+1	rplL,2520675,2520306,+1	rpoB,2520072,2515905,+1	rpoC,2515876,2511583,+1	rplK,2522891,2522462,+1	rplA,2522458,2521759,+1	
NC_003919:rplK,1118660,1119089,1	rplA,1119092,1119791,1	rplJ,1120334,1120868,1	rplL,1120922,1121288,1	rpoB,1121567,1125719,1	rpoC,1125869,1130084,1	
NC_007086:rplJ,3999667,3999133,+1	rplL,3999079,3998713,+1	rpoB,3998471,3994307,+1	rpoC,3994207,3989989,+1	rplK,4001346,4000917,+1	rplA,4000914,4000215,+1	
NC_002516:rplK,4783111,4782679,+1	rplA,4782680,4781984,+1	rplJ,4781786,4781285,+1	rplL,4781207,4780838,+1	rpoB,4780617,4776543,+1	rpoC,4776478,4772278,+1	
NC_002947:rplK,535132,535564,1	rplA,535563,536259,1	rplJ,536456,536957,1	rplL,537034,537400,1	rpoB,537620,541694,1	rpoC,541758,545958,1	
NC_004578:rplK,675992,676424,1	rplA,676423,677119,1	rplJ,677321,677822,1	rplL,677901,678267,1	rpoB,678488,682562,1	rpoC,682626,686826,1	
NC_004347:rplK,229800,230229,1	rplA,230233,230935,1	rplJ,231200,231701,1	rplL,231755,232124,1	rpoB,232366,236404,1	rpoC,236487,240705,1	
NC_004603:rplK,3119518,3119089,+1	rplA,3119085,3118383,+1	rplJ,3118091,3117602,+1	rplL,3117542,3117173,+1	rpoB,3116921,3112892,+1	rpoC,3112817,3108614,+1	
NC_004459:rplK,1184970,1185399,1	rplA,1185403,1186105,1	rplJ,1186395,1186884,1	rplL,1186944,1187313,1	rpoB,1187563,1191592,1	rpoC,1191667,1195870,1	
NC_005061:rplK,631275,630834,+1	rplA,630838,630130,+1	rplJ,629813,629315,+1	rplL,629221,628840,+1	rpoB,628634,624605,+1	rpoC,624491,620228,+1	
NC_011833:rplK,47194,46765,+1	rplA,46763,46067,+1	rplJ,45802,45304,+1	rplL,45238,44869,+1	rpoB,44650,40621,+1	rpoC,40544,36320,+1	
NC_003143:rplK,4208417,4207988,+1	rplA,4207985,4207280,+1	rplJ,4206916,4206418,+1	rplL,4206352,4205983,+1	rpoB,4205641,4201612,+1	rpoC,4201484,4197263,+1	
NC_004741:rplK,3575019,3574590,+1	rplA,3574587,3573882,+1	rplJ,3573470,3572972,+1	rplL,3572906,3572540,+1	rpoB,3572221,3568192,+1	rpoC,3568116,3563892,+1	
NC_000913:rplK,4178446,4178875,1	rplA,4178878,4179583,1	rplJ,4179995,4180493,1	rplL,4180559,4180925,1	rpoB,4181244,4185273,1	rpoC,4185349,4189573,1	
NC_003197:rplK,4363104,4363533,1	rplA,4363536,4364241,1	rplJ,4364660,4365158,1	rplL,4365224,4365590,1	rpoB,4365907,4369936,1	rpoC,4370012,4374236,1	
NC_000907:rplK,540587,540158,+1	rplA,540154,539464,+1	rpoB,539081,535049,+1	rpoC,534808,530560,+1	rplL,682883,682511,-1	rplJ,682457,681965,-1	
NC_002663:rplJ,1961806,1961314,+1	rplL,1961263,1960894,+1	rpoB,1960620,1956591,+1	rpoC,1956481,1952227,+1	rplK,1966083,1965654,+1	rplA,1965650,1964960,+1	
