sdhA,a	sdhB,b	sdhC,c	sdhD,d	sucA,e	sucB,f	sucC,g	sucD,h	
NC_002163:sdhA,373354,375346,1	sdhB,375338,376064,1	sucC,497180,498344,1	sucD,498353,499223,1	
NC_005090:sdhB,785965,786685,-1	sdhA,786684,788655,-1	sucC,1027668,1028847,1	sucD,1028843,1029728,1	
NC_004917:sdhA,666042,668019,1	sdhB,668018,668762,1	
NC_002696:sucC,352433,353633,1	sucD,353633,354518,1	sucA,354696,357660,1	sucB,357719,358928,1	sdhB,3774256,3775039,-1	sdhA,3775046,3776837,-1	
NC_004463:sucD,492279,491394,+1	sucA,491257,488299,+1	sucB,488140,486895,+1	sucC,493994,492797,+1	sdhB,553178,552395,-1	sdhA,552293,550457,-1	sdhC,550053,549654,-1	
NC_003047:sucC,3318464,3317267,+1	sucD,3317261,3316358,+1	sucA,3316078,3313081,+1	sucB,3312959,3311705,+1	sdhC,3334260,3333867,+1	sdhA,3333469,3331627,+1	sdhB,3331609,3330829,+1	
NC_003062:sucC,2624761,2623567,+1	sucD,2623550,2622647,+1	sucA,2622472,2619475,+1	sucB,2619422,2618189,+1	sdhC,2631369,2630976,+1	sdhA,2630576,2628734,+1	sdhB,2628719,2627939,+1	
NC_002678:sucD,1112818,1111918,-1	sucC,1111904,1110719,-1	sdhC,3401846,3401426,+1	sdhA,3400997,3399188,+1	sdhB,3398749,3397969,+1	sucA,3426507,3423519,+1	sucB,3423477,3422202,+1	
NC_004310:sdhC,1839452,1839053,+1	sdhA,1838637,1836795,+1	sdhB,1836780,1836000,+1	sucC,1860379,1859182,+1	sucD,1859179,1858276,+1	sucA,1858001,1854986,+1	sucB,1854925,1853698,+1	
NC_004757:sucC,64416,65610,1	sucD,65612,66488,1	sdhC,1133398,1133791,1	sdhA,1134139,1135903,1	sdhB,2578159,2578855,1	sucA,2580586,2583445,1	sucB,2583466,2584744,1	
NC_005085:sdhC,1111861,1112239,1	sdhD,1112232,1112577,1	sdhA,1112576,1114352,1	sdhB,1114366,1115077,1	sucA,1116794,1119623,1	sucB,1119675,1120905,1	sucC,1122760,1123933,1	sucD,1123960,1124845,1	
NC_003112:sdhC,962507,962885,1	sdhD,962878,963220,1	sdhA,963222,964986,1	sdhB,965105,965813,1	sucA,967664,970493,1	sucB,970592,971774,1	sucC,974082,975249,1	sucD,975259,976150,1	
NC_003295:sucC,598776,599943,1	sucD,600027,600909,1	sucA,1348619,1351481,1	sucB,1351620,1352877,1	sdhB,2170084,2170786,-1	sdhA,2170808,2172587,-1	sdhD,2172590,2172956,-1	sdhC,2172966,2173389,-1	
NC_002929:sucB,1188942,1187727,-1	sucA,1187682,1184811,-1	sdhC,2502170,2501756,+1	sdhD,2501757,2501373,+1	sdhA,2501370,2499591,+1	sdhB,2499579,2498862,+1	sucC,2693357,2692196,+1	sucD,2692177,2691295,+1	
NC_002928:sucD,2839901,2839019,-1	sucC,2839000,2837839,-1	sucA,3469111,3466237,+1	sucB,3466192,3464974,+1	sdhC,3484775,3484361,+1	sdhD,3484362,3483978,+1	sdhA,3483975,3482196,+1	sdhB,3482184,3481467,+1	
NC_002927:sucD,2229375,2228493,-1	sucC,2228474,2227313,-1	sucA,3885553,3882682,+1	sucB,3882637,3881416,+1	sdhC,3901219,3900805,+1	sdhD,3900806,3900422,+1	sdhA,3900419,3898640,+1	sdhB,3898628,3897911,+1	
NC_002488:sdhA,1028215,1030006,1	sdhB,1030026,1030812,1	sucB,1504173,1505349,-1	sucA,1505391,1508220,-1	sucC,2421265,2422429,1	sucD,2422457,2423330,1	
NC_003919:sucA,1776245,1773416,+1	sucB,1773374,1772162,+1	sdhB,2427165,2426382,-1	sdhA,2426153,2424362,-1	sucC,3812546,3811376,+1	sucD,3811352,3810476,+1	
NC_007086:sucC,1280664,1281834,1	sucD,1281858,1282734,1	sdhA,2394741,2396532,1	sdhB,2396764,2397547,1	sucA,3300780,3303609,1	sucB,3303651,3304866,1	
NC_002516:sdhC,1720743,1721130,1	sdhD,1721123,1721492,1	sdhA,1721495,1723268,1	sdhB,1723279,1723987,1	sucA,1724243,1727075,1	sucB,1727117,1728347,1	sucC,1730180,1731347,1	sucD,1731346,1732234,1	
NC_002947:sucC,4729834,4728667,+1	sucD,4728668,4727783,+1	sdhC,4739120,4738733,+1	sdhD,4738740,4738371,+1	sdhA,4738368,4736595,+1	sdhB,4736584,4735879,+1	sucA,4735633,4732801,+1	sucB,4732759,4731535,+1	
NC_004578:sdhC,2415984,2416359,1	sdhD,2416352,2416721,1	sdhA,2416724,2418497,1	sdhB,2418509,2419214,1	sucA,2419473,2422305,1	sucB,2422346,2423567,1	sucC,2425384,2426551,1	sucD,2426550,2427432,1	
NC_004347:sdhC,2030880,2031276,1	sdhD,2031269,2031617,1	sdhA,2031617,2033384,1	sdhB,2033398,2034106,1	sucA,2034325,2037145,1	sucB,2037193,2038381,1	sucC,2038498,2039665,1	sucD,2039664,2040537,1	
NC_004603:sdhC,874179,874572,1	sdhD,874565,874910,1	sdhA,874910,876677,1	sdhB,876691,877402,1	sucA,877571,880397,1	sucB,880425,881631,1	sucC,881825,882992,1	sucD,882991,883864,1	
NC_004459:sdhC,151358,150965,+1	sdhD,150972,150627,+1	sdhA,150627,148860,+1	sdhB,148847,148136,+1	sucA,148035,145209,+1	sucB,145181,143972,+1	sucC,143782,142615,+1	sucD,142616,141743,+1	
NC_005061:sdhC,362198,362594,1	sdhD,362581,362929,1	sdhA,362931,364740,1	sdhB,364753,365482,1	sucA,365625,368538,1	sucB,368545,369862,1	sucC,369958,371158,1	sucD,371160,372051,1	
NC_011833:sucA,334567,337297,1	sucB,337312,338575,1	
NC_003143:sdhC,1253387,1253777,1	sdhD,1253770,1254118,1	sdhA,1254118,1255885,1	sdhB,1255934,1256651,1	sucA,1257006,1259814,1	sucB,1259843,1261067,1	sucC,1261179,1262346,1	sucD,1262345,1263218,1	
NC_004741:sdhC,597974,597584,+1	sdhD,597591,597243,+1	sdhA,597244,595477,+1	sdhB,595462,594745,+1	sucA,594445,591643,+1	sucB,591629,590411,+1	sucC,590318,589151,+1	sucD,589152,588282,+1	
NC_000913:sdhC,755176,755566,1	sdhD,755559,755907,1	sdhA,755906,757673,1	sdhB,757688,758405,1	sucA,758705,761507,1	sucB,761521,762739,1	sucC,763013,764180,1	sucD,764179,765049,1	
NC_003197:sdhC,797991,798381,1	sdhD,798374,798722,1	sdhA,798721,800488,1	sdhB,800501,801221,1	sucA,801744,804546,1	sucB,804560,805769,1	sucC,805910,807077,1	sucD,807076,807946,1	
NC_000907:sdhA,885686,883886,+1	sdhB,883894,883123,+1	sucD,1264171,1263289,-1	sucC,1263290,1262120,-1	sucA,1732310,1729502,+1	sucB,1729400,1728170,+1	
NC_002663:sdhA,225383,223583,+1	sdhB,223591,222820,+1	sucB,318332,317117,-1	sucA,317043,314247,-1	sucD,320948,320078,-1	sucC,320077,318910,-1	
