trpA,a	trpB,b	trpC,c	trpD,d	trpE,e	
NC_002163:trpE,315397,316648,1	trpD,316644,318246,1	trpC,318232,318832,1	trpB,318828,320007,1	trpA,319999,320749,1	
NC_005090:
NC_004917:trpC,3989,2483,-1	trpE,296852,295001,+1	trpD,295005,294423,+1	trpA,1354373,1353569,+1	trpB,1355780,1354517,-1	
NC_002696:trpE,2091404,2092946,1	trpD,2093293,2093890,1	trpD,2093898,2094924,1	trpC,2094920,2095709,1	trpA,3792448,3793276,-1	trpB,3793288,3794521,-1	trpC,3794531,3795191,-1	
NC_004463:trpC,792204,792876,1	trpB,792872,794090,1	trpA,794086,794923,1	trpD,2261873,2262437,-1	trpE,2262466,2263876,-1	
NC_003047:trpC,27375,28023,1	trpB,28047,29268,1	trpA,29273,30113,1	trpE,2573596,2575786,-1	trpE,2573596,2575786,-1	
NC_003062:trpC,14474,15137,1	trpB,15138,16359,1	trpA,16363,17203,1	trpE,1663349,1664384,-1	trpE,2262144,2264334,1	
NC_002678:trpD,479467,480478,1	trpC,480481,481294,1	trpE,2227589,2229791,1	trpB,4014687,4015938,1	trpA,4016000,4016840,1	
NC_004310:trpE,1521510,1519314,+1	trpE,1521510,1519314,+1	trpC,2037110,2036441,+1	trpB,2036422,2035201,+1	trpA,2034735,2033895,+1	
NC_004757:trpC,752114,752750,1	trpB,752733,753927,1	trpA,753979,754807,1	trpE,2334990,2336478,1	trpE,2334990,2336478,1	
NC_005085:trpE,609376,608047,+1	trpE,2352990,2351523,+1	trpC,2999812,2999191,+1	trpB,2999205,2998002,+1	trpA,2997991,2997202,+1	
NC_003112:trpC,278582,277799,+1	trpC,278582,277799,+1	trpA,706127,705341,-1	trpB,725529,724326,-1	trpE,1037397,1035921,+1	
NC_003295:trpA,2155703,2156501,-1	trpB,2157332,2158544,-1	trpE,3108945,3110475,1	trpD,3110492,3111062,1	trpD,3111529,3112567,1	trpC,3112569,3113373,1	
NC_002929:trpE,3482961,3481440,+1	trpD,3481385,3480821,+1	trpD,3480803,3479771,+1	trpC,3479775,3478986,+1	trpA,3804812,3803954,-1	trpB,3803951,3802751,-1	
NC_002928:trpA,3579763,3580621,-1	trpB,3580624,3581824,-1	trpE,4490531,4492100,1	trpD,4492155,4492719,1	trpD,4492737,4493769,1	trpC,4493765,4494554,1	
NC_002927:trpA,3996278,3997136,-1	trpB,3997139,3998339,-1	trpE,4925945,4927466,1	trpD,4927522,4928086,1	trpD,4928104,4929136,1	trpC,4929132,4929921,1	
NC_002488:trpE,217583,219047,1	trpD,219201,219786,1	trpD,219854,220889,1	trpC,220967,221762,1	trpB,1322545,1323763,1	trpA,1323888,1324695,1	
NC_003919:trpE,566309,567785,1	trpD,570521,571559,1	trpC,571699,572497,1	trpA,3176118,3176925,-1	trpB,3177393,3178611,-1	
NC_007086:trpE,560064,561540,1	trpD,572708,573746,1	trpC,573869,574667,1	trpB,1893925,1895143,1	trpA,1895654,1896473,1	
NC_002516:trpB,39098,37889,+1	trpA,37893,37086,+1	trpD,1086144,1085541,-1	trpE,1085564,1083971,-1	trpC,3494477,3493841,+1	
NC_002947:trpA,91568,92378,-1	trpB,92374,93592,-1	trpE,505504,506986,1	trpD,509375,509969,1	trpD,509978,511028,1	trpC,511024,511858,1	
NC_004578:trpB,178847,180077,1	trpA,180073,180886,1	trpE,623638,625120,1	trpD,651382,651982,1	trpD,652003,653053,1	trpC,653049,653886,1	
NC_004347:trpE,3129861,3131586,1	trpD,3131596,3132205,1	trpD,3132204,3133248,1	trpC,3133253,3134750,1	trpB,3134869,3136060,1	trpA,3136065,3136902,1	
NC_004603:trpE,2047038,2048616,1	trpD,2048621,2049212,1	trpD,2049231,2050230,1	trpC,2050237,2051683,1	trpB,2051723,2052914,1	trpA,2052913,2053720,1	
NC_004459:trpE,3135147,3136713,1	trpD,3136715,3137294,1	trpD,3137312,3138311,1	trpC,3138316,3139747,1	trpB,3139822,3141013,1	trpA,3141012,3141819,1	
NC_005061:trpE,465507,467073,1	trpD,467080,467662,1	trpD,467676,468699,1	trpC,468710,470087,1	trpB,470123,471320,1	trpA,471316,472132,1	
NC_011833:trpA,303891,303081,+1	trpD,307485,306456,+1	trpC,306476,305114,+1	
NC_003143:trpE,2484157,2482591,+1	trpD,2482592,2482013,+1	trpD,2481999,2481000,+1	trpC,2480997,2479569,+1	trpB,2479413,2478222,+1	trpA,2478223,2477416,+1	
NC_004741:trpE,1319133,1317570,+1	trpD,1317571,1315975,+1	trpC,1315975,1314613,+1	trpB,1314602,1313408,+1	trpA,1313409,1312602,+1	
NC_000913:trpE,1322946,1321383,+1	trpD,1321384,1319788,+1	trpC,1319788,1318426,+1	trpB,1318415,1317221,+1	trpA,1317222,1316415,+1	
NC_003197:trpE,1818549,1820112,1	trpD,1820111,1821707,1	trpC,1821710,1823069,1	trpB,1823078,1824272,1	trpA,1824271,1825078,1	
NC_000907:trpE,1482527,1484084,1	trpD,1484096,1484678,1	trpD,1485165,1486167,1	trpC,1486203,1487637,1	trpB,1519210,1520404,1	trpA,1520403,1521210,1	
NC_002663:trpE,59583,58287,-1	trpB,667140,665931,+1	trpA,665945,665138,+1	trpD,670583,669581,+1	trpC,669545,668135,+1	
