amiB,a	hflC,b	hflK,c	hflX,d	hfq,e	miaA,f	mutL,g	tsaE,h	
NC_002163:
NC_005090:
NC_004917:
NC_002696:mutL,761330,763244,-1	hfq,1919985,1920234,1	hflX,1920303,1921587,1	amiB,2069805,2070993,-1	miaA,2308288,2309176,1	tsaE,3780502,3780949,1	
NC_004463:tsaE,807468,809025,-1	amiB,4751459,4752755,1	hfq,4975361,4975610,1	hflX,4975690,4977004,1	miaA,7162181,7163138,-1	hflC,7166143,7167040,-1	hflK,7167036,7168179,-1	mutL,8228076,8229888,1	
NC_003047:tsaE,41973,43488,-1	mutL,893062,894880,-1	amiB,1445118,1446399,1	hfq,1577126,1577369,1	hflX,1577375,1578773,1	miaA,2279981,2280893,-1	hflC,2284688,2285621,-1	hflK,2285617,2286706,-1	
NC_003062:tsaE,27519,29031,-1	mutL,697137,698958,-1	amiB,1327379,1328639,1	hfq,1446123,1446366,1	hflX,1446572,1447907,1	miaA,1998196,1999093,-1	hflC,2003143,2004067,-1	hflK,2004068,2005187,-1	
NC_002678:amiB,148272,149535,1	hfq,289515,289761,1	hflX,289857,291153,1	miaA,1208006,1208972,-1	hflC,1212306,1213266,-1	hflK,1213265,1214381,-1	tsaE,4028787,4030299,-1	mutL,6791669,6793553,-1	
NC_004310:amiB,888088,886819,-1	hfq,1088213,1087976,+1	hflX,1087786,1086367,+1	miaA,1346025,1345092,+1	hflK,1352347,1351198,+1	hflC,1351199,1350296,+1	tsaE,2023462,2021920,-1	
NC_004757:tsaE,712794,712317,+1	amiB,712321,711010,+1	hfq,1407383,1407128,+1	hflX,1407139,1405948,+1	hflK,1405943,1404752,+1	hflC,1404753,1403874,+1	mutL,1879036,1877221,+1	miaA,2136037,2135083,+1	
NC_005085:mutL,1414728,1412832,+1	miaA,3683696,3682718,-1	hfq,3841850,3841589,+1	hflX,3841489,3840358,+1	hflK,3840372,3839145,+1	hflC,3839149,3838264,+1	amiB,4121847,4120641,-1	tsaE,4120645,4120153,-1	
NC_003112:tsaE,470039,469577,+1	amiB,469581,468330,+1	hfq,779573,779279,+1	miaA,949836,948894,+1	hflX,1057349,1056170,-1	mutL,1484153,1482176,-1	
NC_003295:hfq,1290131,1290371,1	hflX,1290449,1291703,1	hflK,1291795,1293139,1	hflC,1293152,1294067,1	amiB,2747321,2748845,-1	tsaE,2748838,2749435,-1	mutL,2772062,2773973,1	miaA,2773980,2774952,1	
NC_002929:mutL,253671,251781,+1	miaA,251785,250843,+1	tsaE,256391,255854,+1	amiB,255783,254538,+1	hfq,2314946,2314709,+1	hflX,2314622,2313515,+1	hflK,2313550,2312245,+1	hflC,2312227,2311327,+1	
NC_002928:hflC,3047060,3047960,-1	hflK,3047978,3049283,-1	hflX,3049248,3050286,-1	hfq,3050442,3050679,-1	tsaE,3914806,3915343,1	amiB,3915414,3916659,1	mutL,3917526,3919416,1	miaA,3919412,3920354,1	
NC_002927:hflC,3380144,3381044,-1	hflK,3381062,3382205,-1	hflX,3382332,3383370,-1	hfq,3383526,3383763,-1	tsaE,4312970,4313507,1	amiB,4313578,4314823,1	mutL,4315690,4317580,1	miaA,4317576,4318518,1	
NC_002488:miaA,91047,90093,+1	hfq,89990,89711,+1	hflX,89697,88344,+1	hflC,461601,460737,-1	hflK,460741,459601,-1	mutL,714905,713045,-1	amiB,712910,711290,-1	tsaE,711232,710743,-1	
NC_003919:hflK,1314970,1316098,1	hflC,1316097,1316961,1	miaA,1993284,1994268,1	hfq,1994345,1994624,1	hflX,1994635,1995955,1	mutL,2800968,2802846,-1	amiB,2802984,2804712,-1	tsaE,2804764,2805265,-1	
NC_007086:tsaE,2207069,2207570,1	amiB,2207622,2209314,1	mutL,2209465,2211340,1	hflX,3046962,3048282,-1	hfq,3048293,3048572,-1	miaA,3048648,3049632,-1	hflC,3829149,3830013,-1	hflK,3830012,3831155,-1	
NC_002516:tsaE,5553584,5553116,+1	amiB,5553108,5551680,+1	mutL,5551681,5549779,+1	miaA,5549722,5548750,+1	hfq,5548645,5548396,+1	hflX,5548384,5547082,+1	hflK,5546988,5545785,+1	hflC,5545786,5544916,+1	
NC_002947:tsaE,5569396,5568922,+1	amiB,5568911,5567480,+1	mutL,5567481,5565582,+1	miaA,5565581,5564609,+1	hfq,5564515,5564254,+1	hflX,5564242,5562940,+1	hflK,5562880,5561662,+1	hflC,5561663,5560793,+1	
NC_004578:tsaE,5606899,5606470,+1	amiB,5606456,5605040,+1	mutL,5605041,5603103,+1	miaA,5603103,5602131,+1	hfq,5602039,5601778,+1	hflX,5601766,5600464,+1	hflK,5600368,5599180,+1	hflC,5599181,5598311,+1	
NC_004347:tsaE,624977,625436,1	amiB,625444,626836,1	mutL,626849,628745,1	miaA,628737,629664,1	hfq,629755,630028,1	hflX,630051,631359,1	hflK,631395,632541,1	hflC,632544,633438,1	
NC_004603:tsaE,2986497,2986032,+1	amiB,2986039,2984323,+1	mutL,2984301,2982291,+1	miaA,2982295,2981362,+1	hfq,2981169,2980905,+1	hflX,2980867,2979577,+1	hflK,2979532,2978329,+1	hflC,2978327,2977346,+1	
NC_004459:tsaE,1274602,1275166,1	amiB,1275159,1276878,1	mutL,1276886,1278881,1	miaA,1278885,1279833,1	hfq,1280010,1280271,1	hflX,1280312,1281602,1	hflK,1281647,1282847,1	hflC,1282849,1283830,1	
NC_005061:tsaE,82973,83477,1	amiB,83490,84750,1	miaA,84767,85739,1	hflX,86065,87184,1	hflK,87412,88735,1	hflC,88739,89765,1	
NC_011833:hflX,430830,429825,-1	mutL,605624,603869,+1	miaA,603832,602923,+1	hflK,602767,601546,+1	hflC,601544,600611,+1	amiB,612678,611964,-1	
NC_003143:tsaE,382579,383050,1	amiB,383189,384971,1	mutL,384986,386894,1	miaA,386886,387828,1	hfq,387943,388249,1	hflX,388347,389634,1	hflK,389874,391134,1	hflC,391137,392142,1	
NC_004741:tsaE,4492562,4493024,1	amiB,4493042,4494380,1	mutL,4494389,4496237,1	miaA,4496229,4497180,1	hfq,4497265,4497574,1	hflX,4497649,4498930,1	hflK,4499015,4500275,1	hflC,4500277,4501282,1	
NC_000913:tsaE,4395584,4396046,1	amiB,4396064,4397402,1	mutL,4397411,4399259,1	miaA,4399251,4400202,1	hfq,4400287,4400596,1	hflX,4400671,4401952,1	hflK,4402037,4403297,1	hflC,4403299,4404304,1	
NC_003197:tsaE,4599885,4600347,1	amiB,4600363,4601683,1	mutL,4601692,4603549,1	miaA,4603541,4604492,1	hfq,4604574,4604883,1	hflX,4604954,4606235,1	hflK,4606450,4607710,1	hflC,4607712,4608717,1	
NC_000907:tsaE,68430,68907,1	amiB,68914,70213,1	mutL,70213,72103,1	miaA,72110,73046,1	hflC,166399,167287,-1	hflK,167286,168519,-1	hfq,432429,432705,-1	
NC_002663:hflK,143172,144432,1	hflC,144431,145319,1	tsaE,1060122,1060620,1	amiB,1060624,1061854,1	mutL,1061859,1063713,1	miaA,1063594,1064668,1	hfq,1064797,1065088,1	hflX,1065095,1066442,1	
