atpA,a	atpB,b	atpC,c	atpD,d	atpE,e	atpF,f	atpG,g	atpH,h	atpI,i	
NC_011833:atpB,2277,3102,1	atpE,3138,3378,1	atpF,3496,3982,1	atpH,3981,4515,1	atpA,4529,6068,1	atpG,6100,6973,1	atpD,6996,8394,1	atpC,8420,8837,1	
NC_002696:atpB,389029,389791,-1	atpC,3688026,3688287,-1	atpD,3688537,3690157,-1	atpG,3690204,3691080,-1	atpA,3691114,3692647,-1	atpH,3692699,3693254,-1	
NC_002516:atpC,6247810,6248236,-1	atpD,6248277,6249654,-1	atpG,6249684,6250545,-1	atpA,6250595,6252140,-1	atpH,6252158,6252695,-1	atpF,6252706,6253177,-1	atpE,6253234,6253492,-1	atpB,6253541,6254411,-1	
NC_000913:atpC,3915552,3915972,-1	atpD,3915992,3917375,-1	atpG,3917401,3918265,-1	atpA,3918315,3919857,-1	atpH,3919869,3920403,-1	atpF,3920417,3920888,-1	atpE,3920949,3921189,-1	atpB,3921235,3922051,-1	atpI,3922059,3922440,-1	
NC_004347:atpC,4958168,4958597,-1	atpD,4958633,4960025,-1	atpG,4960060,4960921,-1	atpA,4960971,4962513,-1	atpH,4962527,4963061,-1	atpF,4963077,4963548,-1	atpE,4963586,4963838,-1	atpB,4963908,4964703,-1	
NC_004757:atpB,235918,236728,1	atpF,237089,237563,1	atpH,237563,238100,1	atpA,238112,239654,1	atpG,239657,240542,1	atpD,240572,241955,1	atpC,241983,242406,1	
NC_003047:atpB,916937,917690,1	atpC,3290614,3291025,-1	atpD,3291141,3292656,-1	atpG,3292680,3293565,-1	atpA,3293592,3295122,-1	
NC_003062:atpB,715882,716632,1	atpC,2604174,2604585,-1	atpD,2604716,2606171,-1	atpG,2606194,2607073,-1	atpA,2607104,2608634,-1	
NC_003143:atpC,4643215,4643638,-1	atpD,4643659,4645042,-1	atpG,4645197,4646061,-1	atpA,4646122,4647664,-1	atpH,4647678,4648212,-1	atpF,4648226,4648697,-1	atpE,4648758,4648998,-1	atpB,4649047,4649872,-1	atpI,4649911,4650295,-1	
NC_005061:atpB,2293,3112,1	atpE,3180,3420,1	atpF,3489,3975,1	atpH,3975,4521,1	atpA,4542,6084,1	atpG,6109,6976,1	atpD,7005,8400,1	atpC,8459,8876,1	
NC_007086:atpC,4364638,4365061,-1	atpD,4365234,4366641,-1	atpG,4366763,4367627,-1	atpA,4367739,4369287,-1	atpH,4369334,4369862,-1	atpF,4369865,4370336,-1	atpE,4370448,4370751,-1	atpB,4370824,4371625,-1	
NC_004578:atpC,6380878,6381298,-1	atpD,6381348,6382728,-1	atpG,6382755,6383616,-1	atpA,6383666,6385211,-1	atpH,6385232,6385769,-1	atpF,6385781,6386252,-1	atpE,6386309,6386567,-1	atpB,6386705,6387575,-1	
NC_002488:atpC,1100796,1101228,-1	atpD,1101297,1102698,-1	atpG,1102780,1103644,-1	atpA,1103737,1105285,-1	atpH,1105334,1105862,-1	atpF,1105865,1106336,-1	atpE,1106456,1106762,-1	atpB,1106825,1107623,-1	
NC_004310:atpB,392472,393222,1	atpC,1725862,1726270,-1	atpD,1726394,1727960,-1	atpG,1728087,1728966,-1	atpA,1728987,1730517,-1	atpH,1730516,1731077,-1	
NC_002928:atpC,4469753,4470176,-1	atpD,4470185,4471586,-1	atpG,4471628,4472534,-1	atpA,4472632,4474174,-1	atpH,4474208,4474748,-1	atpF,4474760,4475231,-1	atpB,4475727,4476609,-1	
NC_002929:atpB,3499028,3499910,1	atpF,3500406,3500877,1	atpH,3500889,3501429,1	atpA,3501463,3503005,1	atpG,3503103,3504009,1	atpD,3504051,3505452,1	atpC,3505461,3505884,1	
NC_003197:atpC,4073670,4074090,-1	atpD,4074110,4075493,-1	atpG,4075519,4076383,-1	atpA,4076433,4077975,-1	atpH,4077987,4078521,-1	atpF,4078535,4079006,-1	atpE,4079065,4079305,-1	atpB,4079351,4080167,-1	atpI,4080175,4080556,-1	
NC_004459:atpB,1017604,1018417,1	atpE,1018469,1018727,1	atpF,1018798,1019269,1	atpH,1019283,1019817,1	atpA,1019800,1021372,1	atpG,1021415,1022282,1	atpD,1022317,1023721,1	atpC,1023739,1024162,1	
NC_004917:atpA,410429,411944,1	atpG,411956,412850,1	atpD,412868,414269,1	atpC,414277,414673,1	atpB,1434493,1435174,1	
NC_004603:atpC,3277087,3277510,-1	atpD,3277528,3278932,-1	atpG,3278967,3279834,-1	atpA,3279878,3281450,-1	atpH,3281433,3281967,-1	atpF,3281981,3282452,-1	atpE,3282523,3282778,-1	atpB,3282833,3283646,-1	atpI,3283654,3284044,-1	
NC_000907:atpC,499814,500243,-1	atpD,500272,501646,-1	atpG,501662,502532,-1	atpA,502547,504089,-1	atpH,504101,504635,-1	atpF,504647,505118,-1	atpE,505167,505422,-1	atpB,505477,506266,-1	
NC_002163:atpA,111487,112993,1	atpG,113001,113886,1	atpD,113911,115309,1	atpB,1133359,1134040,-1	
NC_003295:atpC,3579461,3579875,-1	atpD,3579964,3581368,-1	atpG,3581404,3582280,-1	atpA,3582344,3583886,-1	atpH,3583958,3584495,-1	atpF,3584497,3584968,-1	atpB,3585421,3586345,-1	
NC_005090:atpB,313316,314000,1	atpA,510217,511720,1	atpG,511735,512632,1	atpD,512649,514053,1	atpC,514065,514461,1	
NC_004741:atpI,3843585,3843966,1	atpB,3843974,3844790,1	atpE,3844836,3845076,1	atpF,3845137,3845608,1	atpH,3845622,3846156,1	atpA,3846168,3847710,1	atpG,3847760,3848624,1	atpD,3848650,3850033,1	atpC,3850059,3850473,1	
NC_003112:atpC,2031683,2032106,-1	atpD,2032116,2033514,-1	atpG,2033551,2034427,-1	atpA,2034451,2035999,-1	atpH,2036009,2036543,-1	atpF,2036547,2037018,-1	atpB,2037381,2038248,-1	
NC_003919:atpC,4327085,4327508,-1	atpD,4327651,4329058,-1	atpG,4329202,4330066,-1	atpA,4330179,4331727,-1	atpH,4331774,4332302,-1	atpF,4332305,4332776,-1	atpE,4332889,4333192,-1	atpB,4333264,4334065,-1	
NC_002947:atpC,6174746,6175166,-1	atpD,6175209,6176586,-1	atpG,6176613,6177474,-1	atpA,6177522,6179067,-1	atpH,6179088,6179625,-1	atpF,6179637,6180108,-1	atpE,6180164,6180422,-1	atpB,6180566,6181436,-1	
NC_005085:atpB,694607,695420,1	atpE,695484,695772,1	atpF,695893,696301,1	atpH,696308,696845,1	atpA,696853,698398,1	atpG,698438,699305,1	atpD,699346,700744,1	atpC,700755,701178,1	
NC_002663:atpB,1680681,1681476,1	atpE,1681532,1681787,1	atpF,1681866,1682337,1	atpH,1682350,1682884,1	atpA,1682896,1684438,1	atpG,1684464,1685334,1	atpD,1685351,1686725,1	atpC,1686765,1687194,1	
NC_002927:atpC,4905119,4905542,-1	atpD,4905551,4906952,-1	atpG,4906994,4907900,-1	atpA,4907998,4909540,-1	atpH,4909574,4910114,-1	atpF,4910126,4910597,-1	atpB,4911093,4911975,-1	
NC_002678:atpC,3244941,3245349,-1	atpD,3245448,3246882,-1	atpG,3247099,3247984,-1	atpA,3248016,3249546,-1	atpH,3249545,3250106,-1	atpB,6126643,6127402,1	
NC_004463:atpC,473347,473755,-1	atpD,473841,475275,-1	atpG,475357,476230,-1	atpA,476404,477934,-1	atpH,477933,478494,-1	atpB,1304264,1305014,-1	
