bamA,a	dnaE,b	fabZ,c	lpxA,d	lpxB,e	lpxD,f	rnhB,g	skp,h	
NC_011833:bamA,260983,263386,1	fabZ,263512,263968,1	dnaE,264004,267490,1	
NC_002696:rnhB,399851,400469,-1	lpxB,2106310,2107507,-1	lpxA,2108355,2109147,-1	fabZ,2109143,2109623,-1	lpxD,2109625,2110645,-1	bamA,2111339,2113649,-1	dnaE,2122930,2126362,-1	
NC_002516:dnaE,4075156,4078678,-1	rnhB,4080439,4081045,-1	lpxB,4081044,4082181,-1	lpxA,4082184,4082961,-1	fabZ,4082957,4083398,-1	lpxD,4083443,4084505,-1	bamA,4085061,4087455,-1	
NC_000913:bamA,197927,200360,1	skp,200481,200967,1	lpxD,200970,201996,1	fabZ,202100,202556,1	lpxA,202559,203348,1	lpxB,203347,204496,1	rnhB,204492,205089,1	dnaE,205125,208608,1	
NC_004347:bamA,1718939,1721420,1	skp,1721476,1721983,1	lpxD,1721986,1723012,1	fabZ,1723043,1723508,1	lpxA,1723504,1724275,1	lpxB,1724406,1725564,1	rnhB,1725563,1726193,1	dnaE,1726309,1729786,1	
NC_004757:rnhB,1842392,1843046,-1	fabZ,1843067,1843529,-1	bamA,1844135,1846412,-1	dnaE,2136453,2139963,-1	
NC_003047:rnhB,919579,920230,-1	dnaE,1402646,1406156,1	bamA,1614334,1616665,1	lpxD,1616709,1617774,1	fabZ,1617766,1618231,1	lpxA,1618233,1619046,1	lpxB,1619929,1621099,1	
NC_003062:rnhB,719743,720397,-1	dnaE,1279703,1283207,1	bamA,1374513,1376838,1	lpxD,1376887,1377955,1	fabZ,1377947,1378412,1	lpxA,1378411,1379227,1	lpxB,1380108,1381293,1	
NC_003143:bamA,1193371,1195759,1	skp,1195916,1196414,1	lpxD,1196417,1197440,1	fabZ,1197597,1198143,1	lpxA,1198146,1198935,1	lpxB,1198938,1200123,1	rnhB,1200119,1200716,1	dnaE,1200845,1204361,1	
NC_005061:bamA,303836,306302,1	skp,306393,306900,1	lpxD,306927,308037,1	fabZ,308040,308496,1	lpxA,308499,309288,1	lpxB,309314,310469,1	rnhB,310492,311110,1	dnaE,311182,314683,1	
NC_007086:bamA,3453300,3455757,1	lpxD,3456166,3457180,1	fabZ,3457176,3457638,1	lpxA,3457659,3458451,1	lpxB,3458567,3459764,1	rnhB,3459760,3460483,1	dnaE,3460719,3464310,1	
NC_004578:bamA,1701188,1703576,1	lpxD,1704127,1705183,1	fabZ,1705292,1705733,1	lpxA,1705729,1706506,1	lpxB,1706508,1707651,1	rnhB,1707662,1708316,1	dnaE,1708383,1711905,1	
NC_002488:dnaE,210292,213874,-1	rnhB,1000078,1000783,-1	lpxB,1000839,1001997,-1	lpxA,1002073,1002865,-1	fabZ,1002886,1003369,-1	lpxD,1003365,1004430,-1	bamA,1004576,1006931,-1	
NC_004310:rnhB,394927,395590,-1	dnaE,802361,805853,1	lpxB,1128835,1130023,-1	lpxA,1130902,1131739,-1	fabZ,1131747,1132221,-1	lpxD,1132213,1133269,-1	bamA,1133322,1135668,-1	
NC_002928:bamA,1642284,1644621,1	skp,1644698,1645310,1	lpxD,1645318,1646410,1	fabZ,1646433,1646937,1	lpxA,1646937,1647732,1	lpxB,1647728,1648910,1	rnhB,1648896,1649502,1	dnaE,1820163,1823655,1	
NC_002929:bamA,1501841,1504178,1	skp,1504303,1504867,1	lpxD,1504875,1505967,1	fabZ,1506038,1506494,1	lpxA,1506494,1507289,1	lpxB,1507285,1508467,1	rnhB,1508453,1509059,1	dnaE,2465145,2468637,-1	
NC_003197:bamA,262378,264793,1	skp,264915,265401,1	lpxD,265404,266430,1	fabZ,266535,266991,1	lpxA,266994,267783,1	lpxB,267782,268931,1	rnhB,268927,269524,1	dnaE,269547,273030,1	
NC_004459:bamA,1861743,1864158,1	skp,1864183,1864684,1	lpxD,1864692,1865724,1	fabZ,1865816,1866269,1	lpxA,1866270,1867059,1	lpxB,1867151,1868294,1	rnhB,1868297,1868921,1	dnaE,1869034,1872514,1	
NC_004917:rnhB,6281,6905,-1	lpxB,788038,789205,1	bamA,967444,969682,-1	lpxD,1069034,1070015,1	fabZ,1146481,1146991,1	lpxA,1147000,1147783,1	dnaE,1231083,1234740,-1	
NC_004603:dnaE,2412462,2415942,-1	rnhB,2416024,2416660,-1	lpxB,2416669,2417809,-1	lpxA,2417919,2418708,-1	fabZ,2418709,2419162,-1	lpxD,2419333,2420365,-1	skp,2420371,2420872,-1	bamA,2420894,2423309,-1	
NC_000907:dnaE,796138,799618,-1	lpxD,969805,970831,-1	skp,970843,971437,-1	bamA,971544,973932,-1	rnhB,1124263,1124857,-1	lpxB,1124849,1126022,-1	lpxA,1126088,1126877,-1	fabZ,1126890,1127337,-1	
NC_002163:rnhB,15843,16419,-1	bamA,129799,132019,-1	fabZ,250589,251030,1	lpxA,251029,251821,1	lpxB,265430,266525,-1	lpxD,537022,537988,1	dnaE,671945,675548,1	
NC_003295:bamA,1511712,1514010,1	lpxD,1514574,1515645,1	fabZ,1515641,1516136,1	lpxA,1516132,1516948,1	lpxB,1516944,1518117,1	rnhB,1518121,1518832,1	dnaE,2387017,2390539,-1	
NC_005090:lpxA,60827,61628,-1	fabZ,61624,62080,-1	lpxD,99028,99985,-1	bamA,344635,346867,1	lpxB,757976,759047,1	rnhB,1618319,1618871,1	dnaE,1883220,1886757,-1	
NC_004741:bamA,188358,190791,1	skp,190912,191398,1	lpxD,191401,192427,1	fabZ,192531,192987,1	lpxA,192990,193779,1	lpxB,193778,194927,1	rnhB,194923,195520,1	dnaE,195556,199039,1	
NC_003112:lpxA,175428,176205,-1	fabZ,176291,176741,-1	lpxD,176774,177821,-1	bamA,178419,180813,-1	rnhB,190696,191281,-1	lpxB,201736,202909,1	dnaE,1919892,1923327,1	
NC_003919:dnaE,1617940,1621531,-1	rnhB,1621793,1622528,-1	lpxB,1622524,1623811,-1	lpxA,1623840,1624632,-1	fabZ,1624657,1625116,-1	lpxD,1625112,1626126,-1	bamA,1626522,1628889,-1	
NC_002947:bamA,1792778,1795139,1	lpxD,1795688,1796744,1	fabZ,1796807,1797299,1	lpxA,1797295,1798072,1	lpxB,1798073,1799201,1	rnhB,1799202,1799826,1	dnaE,1800012,1803537,1	
NC_005085:dnaE,940090,943525,-1	bamA,2374672,2376988,1	skp,2377006,2377492,1	lpxD,2377543,2378590,1	fabZ,2378582,2379035,1	lpxA,2379037,2379814,1	lpxB,2379830,2380991,1	rnhB,2380981,2381578,1	
NC_002663:dnaE,31763,35243,1	bamA,2232508,2234884,1	skp,2234992,2235574,1	lpxD,2235573,2236602,1	fabZ,2236707,2237166,1	lpxA,2237183,2237972,1	lpxB,2238047,2239226,1	rnhB,2239227,2239821,1	
NC_002927:bamA,2775555,2777892,1	skp,2778017,2778581,1	lpxD,2778589,2779681,1	fabZ,2779752,2780208,1	lpxA,2780208,2781003,1	lpxB,2780999,2782181,1	rnhB,2782167,2782773,1	dnaE,3639360,3642852,-1	
NC_002678:lpxB,498235,499408,-1	lpxA,500286,501126,-1	fabZ,501133,501592,-1	lpxD,501593,502649,-1	bamA,502724,505109,-1	dnaE,695574,699102,-1	rnhB,6129143,6129839,-1	
NC_004463:rnhB,2754051,2754837,1	lpxB,5371121,5372300,-1	lpxA,5373173,5373965,-1	fabZ,5374489,5374951,-1	lpxD,5374947,5376015,-1	bamA,5376163,5378698,-1	dnaE,5391658,5395162,-1	
