caiA,a	caiB,b	caiC,c	caiD,d	caiE,e	caiT,f	
NC_011833:
NC_002696:caiA,80354,81530,-1	caiC,2604240,2605731,-1	caiD,2605774,2606602,-1	caiE,2863306,2863837,-1	caiB,3810614,3811916,-1	
NC_002516:caiE,78089,78632,-1	caiE,78089,78632,-1	caiD,4024728,4025526,-1	caiB,4025585,4026773,-1	caiA,4026811,4028539,-1	caiT,4408923,4410885,1	
NC_000913:caiE,34780,35371,-1	caiD,35376,36162,-1	caiC,36270,37824,-1	caiB,37897,39115,-1	caiA,39243,40386,-1	caiT,40416,41931,-1	
NC_004347:caiE,44972,45521,-1	caiA,1766174,1767332,1	caiD,1767384,1768158,1	caiC,2707889,2709563,-1	
NC_004757:caiE,1310847,1311408,1	caiA,1684528,1686862,1	caiC,1686858,1688697,1	
NC_003047:
NC_003062:
NC_003143:
NC_005061:
NC_007086:caiE,418979,419540,-1	caiT,917297,919277,-1	caiC,2817881,2819564,1	caiD,3565864,3566662,-1	caiA,3566658,3567840,-1	
NC_004578:caiE,168836,169382,1	caiE,168836,169382,1	caiC,1257916,1259599,1	caiD,4179325,4180423,1	caiA,4180426,4181578,1	caiT,5989583,5991578,-1	
NC_002488:
NC_004310:caiD,17577,18372,-1	caiC,298251,299916,-1	caiB,1056154,1057300,-1	caiA,1057378,1058563,-1	caiE,1224774,1225302,-1	
NC_002928:caiB,370024,371206,1	caiA,694019,695246,-1	caiD,695292,696093,-1	caiC,3498957,3500622,1	caiE,3500633,3501155,1	caiT,3664036,3665995,-1	
NC_002929:caiB,143666,144890,-1	caiD,313838,314702,1	caiA,314704,315874,1	caiC,315914,317564,1	caiT,826319,828551,1	caiT,861258,863217,1	
NC_003197:caiE,81019,81616,-1	caiD,81724,82510,-1	caiC,82563,84117,-1	caiB,84179,85397,-1	caiA,85508,86651,-1	caiT,86685,88203,-1	
NC_004459:
NC_004917:
NC_004603:
NC_000907:
NC_002163:
NC_003295:caiC,70886,72692,-1	caiD,300357,301152,-1	caiC,824517,826224,1	caiE,1190809,1191337,-1	caiB,1265687,1266905,1	
NC_005090:
NC_004741:caiE,33696,34308,-1	caiD,34292,35186,-1	caiC,35186,36755,-1	caiB,36813,38031,-1	caiA,38159,39302,-1	caiT,39332,40847,-1	
NC_003112:caiE,658332,658863,1	caiC,1286159,1287713,1	caiT,1287802,1289830,-1	
NC_003919:caiE,415046,415592,-1	caiE,415046,415592,-1	caiT,858842,860822,-1	caiA,1516109,1517291,1	caiD,1517287,1518085,1	
NC_002947:caiT,282590,284552,1	caiC,2316043,2317741,1	caiA,2317755,2318922,1	caiE,3842948,3843473,-1	caiB,3843485,3844676,-1	caiT,4123521,4125267,1	
NC_005085:caiC,105297,106953,1	caiE,902735,903281,-1	caiE,902735,903281,-1	caiD,2268808,2269627,-1	caiA,2269736,2270897,-1	caiT,4642502,4644035,1	
NC_002663:
NC_002927:caiB,365419,366601,1	caiA,698362,699589,-1	caiD,699635,700436,-1	caiC,3915425,3917090,1	caiE,3917101,3917623,1	caiT,4079274,4081233,-1	
NC_002678:caiE,124437,124965,1	caiB,1342468,1343644,1	caiC,5733470,5735096,1	caiA,5735092,5736844,1	caiD,5736887,5737694,1	
NC_004463:caiB,356478,357645,1	caiD,3246729,3247563,-1	caiA,3247656,3248994,1	caiC,3249111,3250689,-1	caiE,6139450,6139981,-1	
