cyoA,a	cyoB,b	cyoC,c	cyoD,d	cyoE,e	
NC_011833:cyoE,514429,515287,-1	cyoD,515314,515632,-1	cyoC,515631,516249,-1	cyoB,516245,518234,-1	cyoA,518238,519129,-1	
NC_002696:cyoD,1953712,1954102,-1	cyoC,1954098,1954725,-1	cyoB,1954727,1956725,-1	cyoA,1956743,1957805,-1	cyoE,3646711,3647713,-1	cyoB,3647838,3649497,-1	
NC_002516:cyoA,1428079,1429075,1	cyoB,1429081,1431058,1	cyoC,1431061,1431691,1	cyoD,1431690,1432026,1	cyoE,1432036,1432927,1	
NC_000913:cyoE,446814,447705,-1	cyoD,447716,448046,-1	cyoC,448045,448660,-1	cyoB,448649,450641,-1	cyoA,450662,451610,-1	
NC_004347:
NC_004757:
NC_003047:cyoB,992941,994630,1	cyoE,994626,995679,1	cyoC,2709872,2710595,1	
NC_003062:cyoD,142568,142961,-1	cyoC,142960,143587,-1	cyoB,143593,145597,-1	cyoA,145673,146672,-1	cyoB,763516,765226,1	cyoE,765615,766569,1	
NC_003143:cyoA,3527636,3528593,1	cyoB,3528597,3530589,1	cyoC,3530578,3531193,1	cyoD,3531192,3531525,1	cyoE,3531535,3532426,1	
NC_005061:cyoE,257181,258063,-1	cyoD,258093,258396,-1	cyoC,258400,258991,-1	cyoB,258974,260939,-1	cyoA,261008,261893,-1	
NC_007086:cyoD,3690967,3691303,-1	cyoC,3691302,3691932,-1	cyoB,3691934,3693935,-1	cyoA,3693924,3694869,-1	cyoE,4601983,4602886,-1	
NC_004578:cyoA,1455217,1456159,1	cyoB,1456162,1458175,1	cyoC,1458178,1458811,1	cyoD,1458810,1459143,1	cyoE,1459153,1460041,1	
NC_002488:cyoE,1306884,1307796,1	cyoD,1340572,1340914,-1	cyoC,1340913,1341522,-1	cyoB,1341527,1343546,-1	cyoA,1343518,1344478,-1	
NC_004310:cyoA,46439,47465,1	cyoB,47544,49524,1	cyoC,49527,50157,1	cyoD,50156,50522,1	cyoB,466842,468501,1	cyoE,468728,469676,1	
NC_002928:cyoA,1142734,1143649,1	cyoB,1143649,1145632,1	cyoC,1145635,1146247,1	cyoD,1146246,1146594,1	cyoE,4571523,4572417,-1	
NC_002929:cyoD,3118525,3118873,-1	cyoC,3118872,3119484,-1	cyoB,3119487,3121467,-1	cyoA,3121470,3122385,-1	cyoE,3944175,3945069,-1	
NC_003197:cyoE,493353,494244,-1	cyoD,494255,494585,-1	cyoC,494584,495199,-1	cyoB,495188,497180,-1	cyoA,497190,498147,-1	
NC_004459:
NC_004917:
NC_004603:
NC_000907:
NC_002163:
NC_003295:cyoE,399614,400547,1	cyoA,2041646,2042639,1	cyoB,2042642,2044619,1	cyoC,2044621,2045248,1	cyoD,2045244,2045622,1	
NC_005090:
NC_004741:cyoE,379599,380487,-1	cyoD,380501,380831,-1	cyoC,380830,381445,-1	
NC_003112:
NC_003919:cyoA,1435885,1436821,1	cyoB,1436820,1438821,1	cyoC,1438823,1439450,1	cyoD,1439449,1439785,1	cyoE,4563624,4564521,-1	
NC_002947:cyoA,950222,951164,1	cyoB,951167,953186,1	cyoC,953189,953813,1	cyoD,953812,954145,1	cyoE,954156,955044,1	
NC_005085:cyoE,4320112,4321021,-1	cyoD,4321032,4321353,-1	cyoC,4321352,4321964,-1	cyoB,4321979,4324022,-1	cyoA,4324028,4324970,-1	
NC_002663:
NC_002927:cyoA,1374727,1375642,1	cyoB,1375642,1377625,1	cyoC,1377628,1378240,1	cyoD,1378239,1378587,1	cyoE,5134564,5135458,-1	
NC_002678:cyoE,881000,881936,-1	cyoA,5635727,5636909,1	cyoB,5636919,5638917,1	cyoC,5638926,5639553,1	cyoD,5639549,5639927,1	
NC_004463:cyoA,145335,146496,1	cyoB,146507,148505,1	cyoC,148505,149135,1	cyoD,149131,149512,1	cyoB,1289756,1291382,1	cyoE,1291442,1292387,1	
