cysA,a	cysM,b	cysP,c	cysU,d	cysW,e	
NC_011833:cysM,71231,72179,-1	cysM,71231,72179,-1	
NC_002696:cysP,299484,300534,-1	cysM,1576138,1577137,-1	cysU,1764640,1765600,1	cysW,1765599,1766457,1	cysA,1766413,1767493,1	
NC_002516:cysA,313937,314927,-1	cysW,314930,315800,-1	cysU,315810,316629,-1	cysP,316790,317789,-1	cysM,1020707,1021607,1	
NC_000913:cysM,2538671,2539583,-1	cysA,2539716,2540814,-1	cysW,2540803,2541679,-1	cysU,2541678,2542512,-1	cysP,2542511,2543528,-1	
NC_004347:cysM,3759969,3760848,-1	cysP,3761068,3762076,1	cysU,3762251,3763097,1	cysW,3763106,3763976,1	cysA,3763972,3765103,1	
NC_004757:cysA,625635,626724,-1	cysW,626720,627599,-1	cysU,627608,628442,-1	cysP,630773,631781,-1	cysM,1573623,1574511,-1	
NC_003047:cysM,370366,371335,-1	cysW,2395400,2396207,1	cysU,3160884,3161586,1	cysA,3161582,3162656,1	
NC_003062:cysM,305092,306061,-1	cysP,818165,819191,1	cysU,819387,820245,1	cysW,820237,821110,1	cysA,821121,822162,1	
NC_003143:cysM,3364981,3365860,-1	cysA,3366030,3367122,-1	cysW,3367111,3367987,-1	cysU,3367986,3368820,-1	cysP,3368819,3369857,-1	
NC_005061:cysM,564241,565186,1	cysA,567686,568739,-1	cysW,568768,569626,-1	cysU,569627,570464,-1	cysP,570468,571503,-1	
NC_007086:cysM,1178327,1179287,-1	cysA,3943918,3944950,-1	cysW,3944957,3945911,-1	cysU,3945907,3946768,-1	cysP,3946771,3947791,-1	
NC_004578:cysP,335360,336377,1	cysU,336471,337293,1	cysW,337306,338179,1	cysA,338181,339162,1	cysM,1861464,1862367,1	
NC_002488:cysM,783384,784383,-1	cysP,1291348,1292368,1	cysU,1292371,1293232,1	cysW,1293228,1294188,1	cysA,1294201,1295248,1	
NC_004310:cysP,109808,110837,1	cysU,110931,111798,1	cysW,111787,112654,1	cysA,112751,113831,1	cysM,1022691,1023720,1	
NC_002928:cysP,1766094,1766982,1	cysU,1766997,1767879,1	cysW,1767875,1768775,1	cysA,1768799,1769864,1	cysM,3359761,3360673,-1	
NC_002929:cysM,996277,997189,1	cysP,1004062,1005097,1	cysA,3294005,3295115,-1	cysU,3295126,3295807,-1	
NC_003197:cysM,2551650,2552562,-1	cysA,2552629,2553727,-1	cysW,2553716,2554592,-1	cysU,2554591,2555425,-1	cysP,2555424,2556441,-1	
NC_004459:cysM,199720,200623,1	cysA,718368,719073,-1	cysW,719066,720674,-1	
NC_004917:cysU,633546,634224,1	cysA,634220,635111,1	cysM,825489,826392,1	
NC_004603:cysW,312827,314414,1	cysA,314413,315118,1	cysM,830185,831154,-1	
NC_000907:cysA,142162,143149,-1	cysU,143192,145091,-1	cysM,1165731,1166682,1	cysM,1165731,1166682,1	
NC_002163:cysA,274178,275063,-1	cysW,275059,275734,-1	cysM,848409,849309,-1	
NC_003295:cysM,968490,969393,1	cysP,1423810,1424821,1	cysU,1431549,1432464,1	cysW,1432465,1433446,1	cysA,1433442,1434561,1	
NC_005090:cysM,1137485,1138484,1	cysU,1314769,1315465,1	cysA,1315467,1316517,1	
NC_004741:cysM,2514108,2515020,-1	cysA,2515153,2516251,-1	cysW,2516240,2516690,-1	cysU,2517115,2517949,-1	cysP,2517948,2518965,-1	
NC_003112:cysM,790690,791623,1	cysA,899942,901016,-1	cysW,901012,901873,-1	cysU,902124,902961,-1	cysP,1032556,1033612,-1	
NC_003919:cysP,1172904,1173921,1	cysU,1173924,1174785,1	cysW,1174781,1175735,1	cysA,1175736,1176774,1	cysM,3936659,3937619,1	
NC_002947:cysM,1848555,1849455,1	cysA,5893470,5894460,-1	cysW,5894463,5895336,-1	cysU,5895347,5896166,-1	cysP,5896350,5897379,-1	
NC_005085:cysA,1986630,1987707,-1	cysW,1987708,1988587,-1	cysU,1988583,1989456,-1	cysP,1989990,1991028,-1	cysM,3301830,3302721,-1	
NC_002663:cysA,52928,53966,-1	cysW,53968,55627,-1	cysM,1901318,1902266,-1	cysM,1901318,1902266,-1	
NC_002927:cysA,3693317,3694382,-1	cysW,3694406,3695306,-1	cysU,3695302,3696178,-1	cysP,3696193,3697228,-1	cysM,3704116,3705028,-1	
NC_002678:cysM,249602,250637,1	cysP,1397518,1398547,1	cysU,1398628,1399480,1	cysW,1399472,1400357,1	cysA,1400369,1401410,1	
NC_004463:cysP,1615859,1616873,1	cysU,1616910,1617750,1	cysW,1617761,1618673,1	cysA,1618662,1619697,1	cysM,4924246,4925281,-1	
