dppA,a	dppB,b	dppC,c	dppD,d	dppF,e	
NC_011833:dppF,327898,328585,1	
NC_002696:
NC_002516:dppA,5040404,5042000,1	dppB,5042067,5043078,1	dppC,5043089,5044001,1	dppD,5044053,5045028,1	dppF,5045027,5045999,1	
NC_000913:dppA,1301181,1302813,1	dppB,1302898,1303819,1	dppC,1303833,1304742,1	dppD,1304753,1305767,1	dppF,1305763,1306768,1	
NC_004347:dppF,1891181,1891967,-1	dppD,1891947,1892955,-1	dppC,1892958,1893849,-1	dppB,1893835,1894867,-1	dppA,1894866,1896492,-1	
NC_004757:dppA,1250059,1252300,1	dppB,1252317,1253295,1	dppC,2703634,2705155,1	dppF,2705151,2707233,1	
NC_003047:dppA,807486,809082,1	dppB,809185,810190,1	dppC,810200,811109,1	dppD,811110,811965,1	dppF,811961,812789,1	
NC_003062:dppB,1190586,1191531,1	dppC,1191520,1192426,1	dppD,1192563,1193631,1	dppF,1193639,1194653,1	dppA,1194885,1196379,1	
NC_003143:dppA,2457568,2459206,1	dppB,2459292,2460213,1	dppC,2460231,2461137,1	dppD,2461148,2462150,1	dppF,2462146,2463148,1	
NC_005061:
NC_007086:
NC_004578:dppF,2841180,2842194,-1	dppD,2842190,2843192,-1	dppC,2843208,2844117,-1	dppB,2844125,2845043,-1	dppA,2845145,2846666,-1	
NC_002488:
NC_004310:dppF,1529248,1530295,1	dppF,1530568,1531417,-1	dppD,1531413,1532262,-1	dppC,1532267,1533149,-1	dppB,1533156,1534164,-1	
NC_002928:dppF,3876903,3877896,-1	dppD,3877892,3878867,-1	dppC,3878874,3879789,-1	dppB,3879788,3880775,-1	dppA,3880854,3882426,-1	
NC_002929:dppF,4068515,4069532,-1	dppD,4069528,4070530,-1	dppC,4070556,4071477,-1	dppB,4071473,4072448,-1	dppA,4072467,4074054,-1	
NC_003197:dppA,1783677,1785327,1	dppB,1785323,1786289,1	dppC,1786275,1787166,1	dppD,1787165,1788158,1	dppF,1788159,1788966,1	
NC_004459:dppA,2948110,2949727,1	dppB,2949726,2950689,1	dppC,2950675,2951563,1	dppD,2951562,2952558,1	dppF,2952554,2953340,1	
NC_004917:dppF,397412,398126,-1	dppF,398119,399787,-1	dppB,399783,400680,-1	dppA,400796,402362,-1	dppB,1706320,1707373,1	dppC,1707365,1708433,1	dppF,1708548,1710003,1	
NC_004603:dppF,1224417,1225200,-1	dppD,1225196,1226192,-1	dppC,1226191,1227079,-1	dppB,1227065,1228028,-1	dppA,1228027,1229647,-1	
NC_000907:dppF,1186386,1187385,-1	dppD,1187381,1188353,-1	dppC,1188362,1189298,-1	dppB,1189307,1190228,-1	dppA,1190308,1191934,-1	
NC_002163:dppF,144748,145603,-1	dppB,1512054,1512999,-1	dppA,1512998,1514534,-1	
NC_003295:dppB,2065953,2066940,1	dppC,2066936,2067872,1	dppD,2067868,2068867,1	dppF,2068863,2069865,1	dppA,2069902,2071480,1	
NC_005090:dppF,940311,941064,-1	dppF,941060,941846,-1	dppC,941842,942502,-1	dppB,942681,943614,-1	dppA,943610,945119,-1	
NC_004741:dppA,1296129,1297761,1	dppB,1297846,1298767,1	dppC,1298781,1299690,1	dppD,1299701,1300715,1	dppF,1300711,1301716,1	
NC_003112:
NC_003919:dppA,1017610,1019227,1	dppB,1019223,1020201,1	dppC,1020197,1021082,1	dppF,1021285,1022728,1	
NC_002947:dppF,1018089,1019058,-1	dppD,1019057,1020026,-1	dppC,1020036,1020963,-1	dppB,1020973,1021984,-1	dppA,1022075,1023710,-1	
NC_005085:dppA,1142963,1144559,1	dppB,1144974,1146003,1	dppC,1146016,1146937,1	dppD,1146947,1147928,1	dppF,1147920,1148892,1	
NC_002663:dppA,265894,267493,1	dppB,267680,268685,1	dppC,268707,269601,1	dppD,269611,270610,1	dppF,270626,271607,1	
NC_002927:dppF,4274918,4275911,-1	dppD,4275907,4276882,-1	dppC,4276889,4277804,-1	dppB,4277803,4278790,-1	dppA,4278869,4280441,-1	
NC_002678:dppF,461287,462268,-1	dppD,462276,463236,-1	dppB,463232,464204,-1	dppC,464203,465220,-1	dppA,465242,466904,-1	
NC_004463:dppA,318038,319595,1	dppB,319674,320619,1	dppC,320615,321476,1	dppD,321479,322454,1	dppF,322450,323407,1	
