fecA,a	fecB,b	fecC,c	fecD,d	fecE,e	
NC_011833:
NC_002696:fecA,148751,150944,1	fecD,1351405,1352446,1	fecE,1352442,1353201,1	
NC_002516:fecE,86283,87003,-1	fecA,3655985,3658151,-1	fecC,4655367,4656390,1	fecD,4656386,4657418,1	
NC_000913:fecE,4510689,4511457,-1	fecD,4511457,4512414,-1	fecC,4512410,4513409,-1	fecB,4513405,4514308,-1	fecA,4514352,4516677,-1	
NC_004347:fecA,827154,829116,1	fecA,827154,829116,1	fecE,1072020,1072965,1	fecC,1072961,1074104,1	
NC_004757:
NC_003047:fecA,2400171,2402373,1	fecC,2618549,2619650,1	fecE,2619658,2620447,1	
NC_003062:fecA,2258666,2260907,1	fecE,2428219,2429002,-1	fecD,2428998,2430087,-1	
NC_003143:fecA,1054836,1056936,1	fecE,1744710,1745559,-1	fecC,1745555,1746596,-1	fecD,1746582,1747623,-1	fecB,1747619,1748699,-1	
NC_005061:
NC_007086:
NC_004578:fecE,808252,809044,-1	fecD,809047,810016,-1	fecC,810012,810987,-1	fecB,811002,811923,-1	fecA,4030398,4032519,1	
NC_002488:
NC_004310:fecE,1304428,1305205,-1	fecD,1305201,1306203,-1	
NC_002928:fecA,3453448,3455926,-1	fecD,4520297,4521242,1	fecE,4521256,4522045,1	
NC_002929:fecE,344569,345358,-1	fecD,345372,346308,-1	fecA,1200107,1202585,1	
NC_003197:fecA,412662,414771,1	fecC,834416,835496,1	fecE,835495,836272,1	fecA,1673909,1676030,1	
NC_004459:fecE,2843742,2844507,-1	fecC,2844496,2845492,-1	
NC_004917:
NC_004603:fecC,1391405,1392503,1	fecE,1392489,1393257,1	
NC_000907:fecE,1555041,1555803,-1	fecC,1555795,1556809,-1	
NC_002163:fecE,1285903,1286659,1	fecB,1286671,1287664,1	fecC,1542910,1543897,1	fecE,1543896,1544673,1	
NC_003295:fecE,2605152,2605992,-1	fecC,2605988,2606996,-1	fecA,2935825,2937895,-1	
NC_005090:fecD,1080411,1081425,1	fecE,1081427,1082216,1	
NC_004741:fecB,522891,523848,-1	fecB,522891,523848,-1	fecE,1237080,1237839,-1	fecC,1237835,1238816,-1	fecA,3587723,3589568,-1	
NC_003112:
NC_003919:
NC_002947:fecA,322168,324238,-1	fecE,2762102,2762891,-1	fecC,2762887,2763907,-1	
NC_005085:fecE,1588439,1589207,-1	fecC,1589203,1590271,-1	fecD,2421495,2422512,-1	fecA,2439156,2441307,1	
NC_002663:fecE,152145,152919,-1	fecD,152918,153911,-1	fecC,153910,154894,-1	fecB,154893,155790,-1	
NC_002927:fecA,1876391,1878500,-1	fecA,3869830,3872335,-1	fecC,4514069,4515119,1	fecE,4515115,4515910,1	
NC_002678:fecE,962093,962885,-1	fecD,962901,964005,-1	fecC,6751602,6752652,1	
NC_004463:fecD,7794823,7795915,1	fecE,7795911,7796718,1	
