flgB,a	flgC,b	flgD,c	flgE,d	flgF,e	flgG,f	flgH,g	flgI,h	flgJ,i	
NC_011833:flgC,372424,372835,1	flgD,372846,373557,1	flgE,373597,374824,1	flgF,374850,375609,1	flgG,375626,376409,1	flgH,376492,377209,1	flgI,377389,378547,1	flgJ,378546,378846,1	
NC_002696:flgC,1059674,1060094,1	flgG,2274795,2275533,1	flgE,2275546,2276335,1	flgH,2277155,2277890,1	flgI,2792780,2793893,1	
NC_002516:flgB,1164274,1164682,1	flgC,1164687,1165128,1	flgD,1165140,1165854,1	flgE,1165881,1167270,1	flgF,1167487,1168237,1	flgE,1168283,1169069,1	flgH,1169114,1169810,1	flgI,1169821,1170931,1	flgJ,1170941,1172144,1	
NC_000913:flgB,1131017,1131434,1	flgC,1131437,1131842,1	flgD,1131853,1132549,1	flgE,1132573,1133782,1	flgF,1133801,1134557,1	flgG,1134728,1135511,1	flgH,1135563,1136262,1	flgI,1136273,1137371,1	flgJ,1137370,1138312,1	
NC_004347:flgJ,3380966,3382121,-1	flgI,3382138,3383230,-1	flgH,3383241,3383916,-1	flgG,3383928,3384717,-1	flgF,3384727,3385471,-1	flgE,3385643,3387005,-1	flgD,3387072,3387852,-1	flgC,3387876,3388293,-1	flgB,3388295,3388700,-1	
NC_004757:flgB,331549,331963,1	flgC,331968,332373,1	flgD,332389,333061,1	flgE,333075,334308,1	flgF,334347,335091,1	flgG,335158,335941,1	flgH,335978,336773,1	flgI,336794,337907,1	flgJ,338079,339093,1	
NC_003047:flgF,721907,722633,1	flgC,725324,725744,1	flgG,726090,726879,1	flgI,727403,728519,1	flgH,729051,729762,1	flgE,743201,744422,1	
NC_003062:flgH,537040,537760,-1	flgI,538289,539411,-1	flgG,539916,540705,-1	flgC,541058,541478,-1	flgE,558937,560215,1	flgD,563638,564112,1	
NC_003143:flgB,2044388,2044802,1	flgC,2044807,2045212,1	flgD,2045226,2045904,1	flgE,2046105,2047392,1	flgF,2047413,2048043,1	flgE,2048023,2048722,1	flgH,2048865,2049555,1	flgI,2049569,2050679,1	flgJ,2050678,2051623,1	
NC_005061:
NC_007086:flgB,2692744,2693146,1	flgC,2693149,2693557,1	flgD,2693580,2694246,1	flgE,2694277,2695501,1	flgF,2695644,2696400,1	flgG,2697354,2698140,1	flgH,2698178,2698871,1	flgI,2698881,2700000,1	flgJ,2700001,2701189,1	
NC_004578:flgB,2113969,2114377,1	flgC,2114380,2114821,1	flgD,2114836,2115526,1	flgE,2115551,2116877,1	flgE,2117066,2118827,1	flgF,2119302,2120043,1	flgG,2120089,2120878,1	flgH,2120962,2121676,1	flgI,2121689,2122799,1	flgJ,2122809,2124060,1	
NC_002488:
NC_004310:
NC_002928:flgB,1593457,1593865,1	flgC,1593877,1594297,1	flgD,1594344,1595049,1	flgE,1595114,1596536,1	flgF,1596574,1597339,1	flgH,1598164,1598857,1	flgI,1598859,1599993,1	flgJ,1600010,1601030,1	
NC_002929:flgB,1449237,1449645,1	flgC,1449657,1450077,1	flgD,1450124,1450829,1	flgE,1450894,1452316,1	flgF,1452354,1453119,1	flgG,1453162,1453948,1	flgH,1453947,1454637,1	flgI,1454639,1455773,1	flgJ,1455790,1456813,1	
NC_003197:flgB,1258246,1258663,1	flgC,1258666,1259071,1	flgD,1259082,1259781,1	flgE,1259807,1261019,1	flgF,1261039,1261795,1	flgG,1261808,1262591,1	flgH,1262645,1263344,1	flgI,1263355,1264453,1	flgJ,1264452,1265403,1	
NC_004459:flgJ,211645,212566,-1	flgI,212582,213674,-1	flgH,213733,214513,-1	flgE,214550,215339,-1	flgF,215360,216110,-1	flgE,216351,217656,-1	flgD,217686,218394,-1	flgC,218411,218828,-1	flgB,218832,219228,-1	
NC_004917:flgI,137131,138178,-1	flgG,1060467,1061301,1	flgB,1346854,1347289,1	flgC,1347307,1347799,1	flgE,1629285,1631442,1	
NC_004603:flgB,811467,811863,1	flgC,811868,812282,1	flgD,812299,813007,1	flgE,813038,814352,1	flgF,814646,815396,1	flgG,815414,816203,1	flgH,816233,817013,1	flgI,817057,818149,1	flgJ,818165,819092,1	
NC_000907:
NC_002163:flgD,61342,62227,1	flgE,62230,63868,1	flgC,489457,489952,-1	flgB,489961,490393,-1	flgH,641101,641800,-1	flgH,641101,641800,-1	flgI,1398467,1399514,1	
NC_003295:
NC_005090:flgI,1509085,1510135,-1	flgI,1509085,1510135,-1	flgC,1582978,1583473,-1	flgB,1583501,1583939,-1	flgH,1991214,1991931,1	flgH,1991214,1991931,1	
NC_004741:flgB,1121670,1122087,1	flgD,1122505,1123201,1	flgE,1123225,1124434,1	flgG,1125342,1126125,1	flgH,1126177,1126876,1	flgI,1126887,1127985,1	flgJ,1127984,1128926,1	
NC_003112:
NC_003919:flgJ,2310422,2311601,-1	flgI,2311602,2312721,-1	flgH,2312731,2313424,-1	flgG,2313462,2314248,-1	flgF,2315020,2315776,-1	flgE,2315918,2317142,-1	flgD,2317173,2317839,-1	flgC,2317876,2318284,-1	flgB,2318287,2318689,-1	
NC_002947:flgJ,4975614,4976769,-1	flgI,4976780,4977890,-1	flgH,4977902,4978598,-1	flgE,4978634,4979420,-1	flgF,4979467,4980208,-1	flgE,4980626,4981949,-1	flgD,4981977,4982679,-1	flgC,4982691,4983135,-1	flgB,4983137,4983548,-1	
NC_005085:flgJ,3157004,3157934,-1	flgI,3157998,3159096,-1	flgH,3159118,3159802,-1	flgE,3159844,3160627,-1	flgF,3160660,3161401,-1	flgE,3161419,3162670,-1	flgD,3162708,3163383,-1	flgC,3163451,3163862,-1	flgB,3163866,3164280,-1	
NC_002663:
NC_002927:flgB,2722235,2722643,1	flgC,2722655,2723075,1	flgD,2723122,2723827,1	flgE,2723893,2725315,1	flgF,2725353,2726118,1	flgG,2726161,2726947,1	flgH,2726943,2727636,1	flgI,2727638,2728772,1	flgJ,2728789,2729809,1	
NC_002678:flgG,2342399,2343125,1	flgC,2345789,2346206,1	flgE,2346536,2347325,1	flgI,2348005,2349094,1	flgH,2349681,2350389,1	
NC_004463:flgE,4090196,4091462,1	flgD,7548970,7549393,-1	flgH,7564771,7565467,-1	flgI,7566302,7567433,-1	flgG,7567919,7568708,-1	flgC,7569057,7569474,-1	
