fliF,a	fliG,b	fliH,c	fliI,d	fliJ,e	fliK,f	
NC_011833:fliF,77075,78713,1	fliG,78709,79705,1	fliH,79697,80360,1	fliI,80317,81721,1	fliK,82196,83333,1	
NC_002696:fliF,1000952,1002617,1	fliG,1002616,1003639,1	fliI,3256824,3258159,1	
NC_002516:fliF,1192404,1194201,1	fliG,1194206,1195223,1	fliH,1195224,1196031,1	fliI,1196020,1197376,1	fliJ,1197389,1197833,1	
NC_000913:fliF,2013228,2014887,1	fliG,2014879,2015875,1	fliH,2015867,2016554,1	fliI,2016553,2017927,1	fliJ,2017945,2018389,1	fliK,2018385,2019513,1	
NC_004347:fliI,3363293,3364631,-1	fliH,3364599,3365550,-1	fliG,3365536,3366583,-1	fliF,3366575,3368276,-1	
NC_004757:fliF,2265037,2266684,1	fliG,2266673,2267669,1	fliH,2267866,2268586,1	fliI,2268582,2270019,1	fliJ,2270036,2270489,1	fliK,2270547,2271693,1	
NC_003047:
NC_003062:
NC_003143:fliK,2070298,2071651,-1	fliJ,2071647,2072094,-1	fliI,2072193,2073648,-1	fliH,2073610,2074327,-1	fliG,2074319,2075312,-1	fliF,2075308,2077021,-1	
NC_005061:
NC_007086:fliF,2721530,2723252,1	fliG,2723262,2724252,1	fliI,2724865,2726242,1	
NC_004578:fliF,2144683,2146468,1	fliG,2146475,2147477,1	fliI,2148300,2149659,1	
NC_002488:
NC_004310:
NC_002928:fliK,1612427,1613744,-1	fliJ,1613749,1614184,-1	fliI,1614176,1615652,-1	fliH,1615648,1616404,-1	fliG,1616396,1617407,-1	
NC_002929:fliJ,1473484,1473931,-1	fliI,1473923,1475357,-1	fliH,1475395,1476151,-1	fliG,1476143,1477154,-1	fliF,1477143,1478820,-1	
NC_003197:fliF,2056538,2058221,1	fliG,2058213,2059209,1	fliH,2059201,2059909,1	fliI,2059908,2061279,1	fliJ,2061300,2061744,1	fliK,2061740,2062958,1	
NC_004459:fliF,1925454,1927200,1	fliG,1927192,1928248,1	fliI,1929141,1930467,1	
NC_004917:fliI,542915,544292,-1	fliG,588112,589144,-1	fliF,589159,590872,-1	
NC_004603:fliI,2358687,2360007,-1	fliG,2360881,2361937,-1	fliF,2361929,2363672,-1	
NC_000907:
NC_002163:fliI,190167,191553,1	fliF,288456,290139,1	fliG,290138,291167,1	
NC_003295:
NC_005090:fliG,1897962,1898988,-1	fliF,1898997,1900731,-1	fliI,2089515,2090820,-1	
NC_004741:fliG,1991501,1992497,1	fliH,1992489,1993176,1	fliI,1993175,1994549,1	fliK,1994908,1996036,1	
NC_003112:
NC_003919:fliI,2281328,2282705,-1	fliG,2283318,2284329,-1	fliF,2284318,2286043,-1	
NC_002947:fliJ,4954920,4955373,-1	fliI,4955379,4956735,-1	fliG,4957678,4958698,-1	fliF,4958690,4960469,-1	
NC_005085:fliG,3273599,3274583,-1	fliF,3274641,3276270,-1	fliI,3417603,3419004,-1	
NC_002663:
NC_002927:fliK,2745639,2746983,-1	fliJ,2746988,2747435,-1	fliI,2747427,2748903,-1	fliH,2748899,2749655,-1	fliG,2749647,2750658,-1	fliF,2750647,2752324,-1	
NC_002678:
NC_004463:fliI,2377130,2378456,1	fliF,7707627,7709241,1	fliG,7709258,7710350,1	
