glgA,a	glgB,b	glgC,c	glgP,d	glgX,e	
NC_011833:
NC_002696:
NC_002516:glgP,2358363,2360802,1	glgX,2379309,2381460,-1	glgB,2386594,2388346,-1	glgA,2388345,2389887,-1	
NC_000913:glgP,3564133,3566581,-1	glgA,3566599,3568033,-1	glgC,3568032,3569328,-1	glgX,3569345,3571319,-1	glgB,3571315,3573502,-1	
NC_004347:glgB,1560276,1562514,1	glgX,1562510,1564763,1	glgP,1564765,1567279,1	glgC,1567398,1568661,1	glgA,1568713,1570318,1	
NC_004757:glgP,506416,508981,-1	glgB,2190146,2192351,-1	glgC,2192467,2193769,1	glgA,2453577,2455065,1	
NC_003047:glgP,3065246,3067712,1	glgB,3067708,3069919,1	glgC,3070032,3071295,1	glgA,3071301,3072744,1	glgX,3074606,3076595,1	
NC_003062:
NC_003143:glgP,4422843,4425291,-1	glgA,4425459,4426890,-1	glgC,4426957,4428388,-1	glgX,4428397,4430386,-1	glgB,4430387,4432571,-1	
NC_005061:
NC_007086:glgA,494332,495757,1	glgB,495798,497988,1	glgB,497990,499748,1	glgX,504518,506681,1	
NC_004578:glgA,3510580,3512035,1	glgB,3512054,3513869,1	glgX,3519307,3521491,1	glgP,5878026,5880477,1	
NC_002488:
NC_004310:
NC_002928:glgA,3095097,3096630,1	glgB,3103179,3105375,1	glgX,3105379,3106879,1	
NC_002929:glgB,1393572,1395327,-1	glgX,1395323,1397444,-1	glgB,1397448,1399644,-1	
NC_003197:glgP,3698911,3701359,-1	glgA,3701378,3702812,-1	glgC,3702811,3704107,-1	glgX,3704121,3706098,-1	glgB,3706094,3708281,-1	
NC_004459:glgC,2132407,2133625,1	glgA,2133614,2135072,1	
NC_004917:
NC_004603:glgC,1073089,1074307,1	glgA,1074296,1075754,1	
NC_000907:glgB,1436782,1438975,1	glgX,1439070,1441050,1	glgC,1441039,1442374,1	glgA,1442481,1443912,1	glgP,1444157,1446623,1	
NC_002163:
NC_003295:
NC_005090:
NC_004741:glgB,4226513,4228700,1	glgX,4228696,4230670,1	glgC,4230687,4231983,1	glgA,4231982,4233416,1	glgP,4233434,4235882,1	
NC_003112:
NC_003919:glgA,501615,503040,1	glgB,503084,505268,1	glgB,505270,507028,1	glgX,511905,514068,1	
NC_002947:glgA,4564754,4566314,1	glgB,4566328,4568071,1	glgX,4573325,4575479,1	glgP,5743404,5745855,-1	
NC_005085:
NC_002663:glgB,618443,620636,1	glgX,620709,622698,1	glgC,622758,624078,1	glgA,624157,625600,1	glgP,625724,628181,1	
NC_002927:glgA,3023816,3025349,1	glgB,3031898,3034094,1	glgX,3034098,3036219,1	glgB,3036215,3037970,1	
NC_002678:glgP,6270558,6273075,1	glgB,6273181,6275395,1	glgC,6275448,6276714,1	glgA,6276797,6278243,1	glgX,6280074,6282093,1	
NC_004463:glgC,7109462,7110725,1	glgA,7110721,7112170,1	glgB,7458780,7460946,1	glgX,7460949,7463028,1	glgB,7463024,7464776,1	glgP,8932756,8935282,1	
