hisA,a	hisB,b	hisC,c	hisD,d	hisF,e	hisG,f	hisH,g	hisI,h	hisL,i	
NC_011833:hisG,104169,105069,1	hisD,105077,106385,1	hisC,106381,107488,1	hisB,107477,108539,1	hisH,108538,109129,1	hisA,109133,109874,1	hisF,109852,110629,1	hisI,110622,111270,1	
NC_002696:hisI,481297,481717,-1	hisD,2545969,2547256,-1	hisC,2739361,2740498,-1	hisB,3989979,3990570,1	hisH,3990582,3991224,1	hisA,3991220,3991946,1	hisF,3991945,3992728,1	
NC_002516:hisC,4981045,4982101,-1	hisD,4982103,4983426,-1	hisG,4983551,4984187,-1	hisI,5705793,5706198,1	hisF,5788613,5789384,-1	hisA,5789394,5790132,-1	hisH,5790444,5791086,-1	hisB,5791082,5791676,-1	
NC_000913:hisG,2090191,2091091,1	hisD,2091096,2092401,1	hisC,2092397,2093468,1	hisB,2093467,2094535,1	hisH,2094534,2095125,1	hisA,2095124,2095862,1	hisF,2095843,2096620,1	hisI,2096613,2097225,1	
NC_004347:hisI,2164098,2164734,-1	hisF,2164816,2165590,-1	hisA,2165571,2166309,-1	hisH,2166413,2167079,-1	hisB,2167223,2168315,-1	hisC,2168397,2169573,-1	hisD,2169635,2170952,-1	hisG,2170955,2171930,-1	
NC_004757:hisI,698888,699227,-1	hisI,699223,699613,-1	hisF,699769,700546,-1	hisA,700645,701395,-1	hisH,701463,702102,-1	hisB,702132,702726,-1	hisC,702761,703841,-1	hisG,949973,950624,1	hisD,950644,951943,1	
NC_003047:hisI,57520,57844,-1	hisF,57908,58685,-1	hisA,58681,59425,-1	hisH,59457,60108,-1	hisB,60607,61216,-1	hisD,679892,681197,1	hisC,2869893,2871000,-1	
NC_003062:hisI,40778,41102,-1	hisF,41117,41894,-1	hisA,41890,42634,-1	hisH,42635,43286,-1	hisB,43804,44401,-1	hisD,527869,529168,-1	hisG,673930,674623,1	hisC,2813347,2814394,1	
NC_003143:hisI,1757884,1758499,-1	hisF,1758492,1759269,-1	hisA,1759250,1759988,-1	hisH,1759993,1760584,-1	hisB,1760583,1761651,-1	hisC,1761647,1762796,-1	hisD,1762798,1764130,-1	hisG,1764133,1765033,-1	
NC_005061:hisG,509859,510759,1	hisD,510763,512077,1	hisC,512073,513144,1	hisB,513167,514241,1	hisH,514237,514828,1	hisA,514834,515590,1	hisF,515559,516336,1	hisI,516329,516971,1	
NC_007086:hisI,2866608,2867229,-1	hisF,2867218,2867995,-1	hisA,2867988,2868723,-1	hisH,2868719,2869322,-1	hisB,2869318,2870446,-1	hisC,2870442,2871531,-1	hisD,2871527,2872823,-1	hisG,2872819,2873734,-1	
NC_004578:hisC,5005375,5006428,-1	hisD,5006427,5007774,-1	hisG,5007898,5008534,-1	hisI,5864076,5864469,1	hisF,6063975,6064746,-1	hisA,6064765,6065503,-1	hisH,6065873,6066512,-1	hisB,6066511,6067105,-1	
NC_002488:hisI,2099088,2099709,-1	hisF,2099701,2100475,-1	hisA,2100599,2101397,-1	hisH,2101393,2101996,-1	hisB,2101992,2103120,-1	hisC,2103116,2104214,-1	hisD,2104210,2105506,-1	hisG,2105502,2106417,-1	
NC_004310:hisD,261358,262651,-1	hisC,627984,629118,-1	hisB,2005591,2006200,1	hisH,2006823,2007474,1	hisA,2007478,2008210,1	hisF,2008206,2008992,1	hisI,2009127,2009451,1	
NC_002928:hisG,4606231,4606903,1	hisD,4606935,4608258,1	hisC,4608254,4609352,1	hisB,4609353,4609941,1	hisH,4609972,4610650,1	hisA,4610713,4611454,1	hisF,4611450,4612260,1	hisI,4612256,4612661,1	
NC_002929:hisG,3977516,3978188,1	hisD,3978238,3979543,1	hisC,3979539,3980637,1	hisB,3980629,3981226,1	hisH,3981257,3981935,1	hisA,3981998,3982739,1	hisF,3982735,3983545,1	hisI,3983541,3983946,1	
NC_003197:hisG,2149614,2150514,1	hisD,2150616,2151921,1	hisC,2151917,2152997,1	hisB,2152993,2154061,1	hisH,2154060,2154651,1	hisA,2154650,2155388,1	hisF,2155369,2156146,1	hisI,2156139,2156751,1	
NC_004459:hisI,2979907,2980543,-1	hisF,2980539,2981313,-1	hisA,2981294,2982032,-1	hisH,2982044,2982659,-1	hisB,2982685,2983759,-1	hisC,2983828,2984869,-1	hisD,2984882,2986178,-1	hisG,2986183,2987080,-1	
NC_004917:
NC_004603:hisG,1196764,1197679,1	hisD,1197684,1198980,1	hisC,1198995,1200036,1	hisB,1200101,1201175,1	hisH,1201201,1201816,1	hisA,1201828,1202566,1	hisF,1202547,1203321,1	hisI,1203317,1203953,1	
NC_000907:hisG,490630,491542,1	hisD,491634,492918,1	hisC,492986,494090,1	hisB,494201,495290,1	hisH,495355,495955,1	hisA,495990,496740,1	hisF,496721,497498,1	hisI,497497,498163,1	
NC_002163:hisC,287310,288405,1	hisG,1525439,1526339,1	hisD,1526346,1527633,1	hisB,1527629,1528688,1	hisH,1528684,1529272,1	hisA,1529268,1530000,1	hisF,1530941,1531709,1	hisI,1531710,1532334,1	
NC_003295:hisI,3175324,3175747,-1	hisF,3175749,3176520,-1	hisA,3176589,3177333,-1	hisH,3177408,3178062,-1	hisB,3178737,3179328,-1	hisC,3179324,3180449,-1	hisD,3180465,3181794,-1	
NC_005090:hisF,64947,65712,-1	hisI,88094,88784,-1	hisH,603104,603722,1	hisA,603734,604457,1	hisG,762302,762923,1	hisD,1504729,1506028,-1	hisC,1900769,1901873,-1	hisB,1961559,1962132,-1	
NC_004741:hisG,2079442,2080342,1	hisD,2080347,2081652,1	hisC,2081648,2082719,1	hisB,2082718,2083786,1	hisH,2083785,2084376,1	hisA,2084375,2085113,1	hisF,2085094,2085871,1	hisI,2085864,2086476,1	
NC_003112:hisI,660939,661335,-1	hisF,661365,662133,-1	hisA,662145,662883,-1	hisH,662915,663554,-1	hisG,1641454,1642108,1	hisD,1643107,1644397,1	hisC,1644442,1645540,1	hisB,1645719,1646454,1	
NC_003919:hisG,2123558,2124473,1	hisD,2124469,2125765,1	hisC,2125761,2126853,1	hisB,2126849,2127977,1	hisH,2127973,2128576,1	hisA,2128572,2129307,1	hisF,2129300,2130077,1	hisI,2130066,2130687,1	
NC_002947:hisB,349952,350585,1	hisH,350585,351224,1	hisA,351512,352250,1	hisF,352260,353031,1	hisG,1104596,1105232,1	hisD,1105518,1106844,1	hisC,1106846,1107893,1	hisI,5714236,5714629,1	
NC_005085:hisG,645743,646385,1	hisD,646475,647780,1	hisC,648903,649974,1	hisB,649978,650572,1	hisH,650989,651628,1	hisA,651649,652390,1	hisF,652462,653227,1	hisI,653630,654029,1	
NC_002663:hisG,1390299,1391199,1	hisD,1392119,1393406,1	hisC,1393409,1394465,1	hisB,1394513,1395605,1	hisH,1396266,1396863,1	hisA,1396908,1397658,1	hisF,1397639,1398410,1	hisI,1398833,1399439,1	
NC_002927:hisG,5167946,5168618,1	hisD,5168650,5169973,1	hisC,5169969,5171067,1	hisB,5171068,5171656,1	hisH,5171687,5172365,1	hisA,5172428,5173169,1	hisF,5173165,5173975,1	hisI,5173971,5174376,1	
NC_002678:hisB,3970559,3971159,1	hisH,3971640,3972291,1	hisA,3972585,3973329,1	hisF,3974161,3974953,1	hisI,3974986,3975310,1	hisD,5275691,5276984,-1	hisG,5698185,5698884,1	hisC,6407013,6408126,-1	
NC_004463:hisB,696642,697236,1	hisH,697827,698478,1	hisA,698474,699212,1	hisF,699222,699996,1	hisI,700085,700406,1	hisD,1370712,1372008,1	hisC,6845525,6846578,1	
