focB,a	hyfA,b	hyfB,c	hyfC,d	hyfD,e	hyfE,f	hyfF,g	hyfG,h	hyfH,i	hyfI,j	hyfJ,k	hyfR,l	
NC_011833:hyfI,164909,165584,1	hyfG,165674,167477,1	hyfD,174531,176376,1	hyfF,176472,177990,1	
NC_002696:hyfF,2135336,2136782,-1	hyfB,2136789,2138274,-1	hyfD,2138288,2140349,-1	hyfG,2148286,2149483,-1	hyfI,2150546,2151128,-1	hyfR,3564264,3565731,1	
NC_002516:hyfR,1187586,1189059,1	hyfI,2983204,2983882,1	hyfG,2983962,2985744,1	hyfD,2992852,2994700,1	hyfF,2994727,2996257,1	hyfF,2996264,2997725,1	
NC_000913:hyfA,2601200,2601818,1	hyfB,2601817,2603836,1	hyfC,2603846,2604794,1	hyfD,2604810,2606250,1	hyfE,2606261,2606912,1	hyfF,2606916,2608497,1	hyfG,2608486,2610154,1	hyfH,2610163,2610709,1	hyfI,2610705,2611464,1	hyfJ,2611456,2611870,1	hyfR,2611899,2613912,1	focB,2613933,2614782,1	
NC_004347:hyfF,1045280,1046744,-1	hyfF,1046740,1048285,-1	hyfD,1048383,1050231,-1	hyfG,1057387,1059193,-1	hyfI,1059196,1059871,-1	focB,3040156,3041131,-1	hyfR,3812861,3814328,1	hyfA,4708514,4709084,1	
NC_004757:hyfR,20165,21533,1	focB,739380,740376,1	hyfF,1907693,1909139,-1	hyfD,1909205,1910687,-1	hyfD,1910772,1912719,-1	hyfG,1919619,1920873,-1	hyfI,1921566,1922043,-1	
NC_003047:hyfI,1378614,1379193,1	hyfG,1379872,1381063,1	hyfD,1389144,1391139,1	hyfF,1391138,1392650,1	hyfF,1392669,1394112,1	hyfR,3005681,3007223,-1	
NC_003062:hyfI,1256554,1257160,1	hyfG,1258210,1259401,1	hyfD,1267018,1269016,1	hyfB,1269015,1270527,1	hyfF,1270545,1271988,1	hyfR,1439298,1440750,1	
NC_003143:hyfR,30408,31821,-1	focB,1560392,1561250,-1	hyfD,2855076,2856540,-1	hyfF,2856546,2858079,-1	hyfD,2858118,2859963,-1	hyfG,2867126,2868923,-1	hyfI,2869063,2869741,-1	hyfR,3255723,3257061,-1	
NC_005061:hyfF,532441,533956,-1	hyfD,535605,537483,-1	hyfG,544732,546523,-1	hyfI,546652,547324,-1	
NC_007086:hyfR,246700,248131,1	hyfI,1908822,1909398,1	hyfG,1910183,1911491,1	hyfR,2711497,2712988,1	
NC_004578:hyfR,130124,131444,1	hyfI,3804270,3804945,1	hyfG,3805019,3806801,1	hyfD,3813896,3815750,1	hyfF,3815789,3817322,1	hyfF,3817329,3818799,1	
NC_002488:hyfI,319591,320167,1	hyfG,320967,322275,1	hyfD,328931,331073,1	hyfD,331094,332600,1	hyfF,332634,334092,1	hyfR,1762189,1763617,-1	
NC_004310:hyfI,779735,780317,1	hyfG,781055,782246,1	hyfD,789173,791159,1	hyfB,791158,792667,1	hyfF,792688,794125,1	hyfR,1094499,1095975,-1	
NC_002928:hyfA,2073026,2073656,1	hyfR,2850642,2852049,1	hyfB,3642568,3644053,-1	hyfD,3644063,3645566,-1	hyfD,3645562,3647575,-1	hyfG,3654392,3655649,-1	hyfI,3656349,3656826,-1	
NC_002929:hyfI,870967,871444,1	hyfG,872144,873401,1	hyfD,880218,882231,1	hyfD,882230,883730,1	hyfB,883740,885225,1	hyfR,1677467,1678955,1	
NC_003197:focB,1057437,1058295,-1	hyfF,2424353,2425811,-1	hyfF,2425817,2427347,-1	hyfD,2427660,2429502,-1	hyfJ,2992167,2992578,-1	hyfI,2992574,2993342,-1	hyfH,2993341,2993884,-1	hyfG,2993893,2995603,-1	hyfC,2995620,2996544,-1	hyfB,2996546,2998373,-1	hyfA,2998372,2998981,-1	hyfR,3003701,3005780,1	
NC_004459:
NC_004917:hyfF,1518369,1519848,-1	hyfB,1519849,1521427,-1	hyfD,1521423,1523301,-1	hyfG,1529278,1530508,-1	hyfI,1531261,1531771,-1	hyfR,1560221,1561532,1	
NC_004603:
NC_000907:
NC_002163:
NC_003295:hyfR,1340120,1341629,1	hyfF,2221197,2222670,-1	hyfD,2222689,2224156,-1	hyfD,2224169,2226230,-1	hyfG,2233215,2234469,-1	hyfI,2235086,2235569,-1	hyfA,2574703,2575399,-1	
NC_005090:hyfR,361540,362854,1	hyfR,1341834,1343373,1	hyfI,1726811,1727642,-1	hyfH,1727638,1728178,-1	hyfG,1728174,1729914,-1	hyfF,1729923,1731393,-1	hyfE,1731394,1732042,-1	hyfC,1732043,1732961,-1	hyfB,1732968,1734909,-1	hyfA,1734908,1735559,-1	
NC_004741:focB,939995,940853,-1	hyfC,2570036,2570984,1	hyfD,2571000,2572440,1	hyfE,2572451,2573102,1	hyfF,2573106,2574693,1	hyfH,2576406,2576952,1	hyfI,2576948,2577707,1	hyfJ,2577636,2578113,1	hyfG,2807714,2809424,-1	hyfC,2809441,2810365,-1	hyfB,2810367,2812161,-1	hyfA,2812197,2812809,-1	hyfR,2817297,2819376,1	
NC_003112:hyfI,246960,247443,1	hyfI,246960,247443,1	hyfG,248038,249295,1	
NC_003919:hyfR,255677,257105,1	hyfR,2298596,2300081,-1	hyfG,3162396,3163704,-1	hyfI,3164489,3165065,-1	
NC_002947:hyfI,4656604,4657282,1	hyfG,4657361,4659143,1	hyfD,4666231,4668085,1	hyfF,4668125,4669658,1	hyfF,4669665,4671135,1	hyfR,4963880,4965356,-1	
NC_005085:hyfG,977210,978464,1	hyfD,985167,987219,1	hyfD,987259,988759,1	hyfF,988780,990235,1	hyfI,2991364,2991880,1	hyfR,4554606,4555947,1	
NC_002663:
NC_002927:hyfR,1939398,1940790,1	hyfA,2271580,2272210,1	hyfB,4057789,4059274,-1	hyfD,4059284,4060787,-1	hyfD,4060783,4062796,-1	hyfG,4069613,4070870,-1	hyfI,4071570,4072047,-1	
NC_002678:hyfF,1131758,1133195,-1	hyfB,1133213,1134719,-1	hyfD,1134718,1136692,-1	hyfG,1144811,1146002,-1	hyfI,1146621,1147224,-1	hyfR,4710341,4712165,-1	
NC_004463:hyfR,966859,968302,-1	focB,3078880,3079783,-1	hyfA,6033566,6034163,-1	hyfR,6297406,6299338,1	hyfB,6984972,6986985,1	hyfC,6986975,6987932,1	hyfF,6988596,6990048,1	hyfG,6990066,6991578,1	hyfI,6991591,6992125,1	
