leuA,a	leuB,b	leuC,c	leuD,d	leuL,e	
NC_011833:
NC_002696:leuB,206988,208041,-1	leuD,208486,209095,-1	leuC,209091,210531,-1	leuA,1704407,1705982,1	
NC_002516:leuA,1318146,1319514,-1	leuB,3500667,3501750,-1	leuD,3502641,3503280,-1	leuC,3503291,3504716,-1	
NC_000913:leuD,78847,79453,-1	leuC,79463,80864,-1	leuB,80866,81958,-1	leuA,81957,83529,-1	leuL,83621,83708,-1	
NC_004347:leuD,4410426,4411032,-1	leuC,4411056,4412481,-1	leuB,4412480,4413575,-1	leuA,4413626,4415195,-1	
NC_004757:leuC,744035,745448,1	leuD,745615,746281,1	leuB,746277,747348,1	leuA,1439776,1441309,-1	
NC_003047:
NC_003062:leuA,2236658,2238368,-1	leuC,2693583,2694993,1	leuD,2791644,2792250,1	leuB,2792471,2793584,1	
NC_003143:leuD,573631,574234,-1	leuC,574248,575679,-1	leuB,575680,576772,-1	leuA,576774,578337,-1	
NC_005061:leuD,149335,149950,-1	leuC,149983,151384,-1	leuB,151395,152490,-1	leuA,152513,154073,-1	
NC_007086:leuC,1002117,1003557,1	leuD,1003621,1004269,1	leuB,1005088,1006162,1	leuA,1007239,1008802,-1	
NC_004578:leuA,1582911,1584669,-1	leuC,2392729,2394157,1	leuD,2394153,2394795,1	leuB,2394941,2396024,1	
NC_002488:leuA,1732584,1734144,-1	leuB,2248374,2249448,-1	leuD,2250031,2250679,-1	leuC,2250888,2252313,-1	
NC_004310:
NC_002928:leuC,2079270,2080704,1	leuD,2080718,2081369,1	leuB,2081423,2082527,1	leuA,4671849,4673556,1	
NC_002929:leuA,128377,130078,-1	leuC,1557744,1559148,1	leuD,1559162,1559813,1	leuB,1559894,1560971,1	
NC_003197:leuD,129056,129662,-1	leuC,129672,131073,-1	leuB,131075,132167,-1	leuA,132166,133738,-1	
NC_004459:leuA,675916,677464,1	leuB,677550,678642,1	leuC,678661,680062,1	leuD,680073,680676,1	
NC_004917:leuB,1101726,1102677,-1	leuD,1102816,1103314,-1	leuC,1103369,1104632,-1	leuA,1104647,1106324,-1	
NC_004603:leuD,336216,336819,-1	leuC,336830,338246,-1	leuB,338336,339428,-1	leuA,339510,341058,-1	
NC_000907:leuA,1043354,1044902,1	leuB,1044987,1046064,1	leuC,1046239,1047649,1	leuD,1047672,1048275,1	
NC_002163:leuD,1627316,1627919,-1	leuC,1627920,1629333,-1	leuB,1629319,1630396,-1	leuA,1630392,1631928,-1	
NC_003295:leuB,2164944,2166036,-1	leuD,2166045,2166696,-1	leuC,2166715,2168125,-1	leuA,2244696,2246238,-1	
NC_005090:leuC,545405,546674,-1	leuA,609361,610921,1	leuD,1709100,1709604,1	leuB,1709551,1710685,1	
NC_004741:leuD,76175,76781,-1	leuC,76791,78192,-1	leuB,78194,79286,-1	leuA,79285,80857,-1	leuL,80949,81036,-1	
NC_003112:leuB,1045765,1046836,-1	leuD,1049062,1049704,-1	leuC,1050116,1051526,-1	leuA,1090514,1092068,1	
NC_003919:leuA,4076379,4077942,1	leuB,4078299,4079373,-1	leuD,4079466,4080114,-1	leuC,4080185,4081625,-1	
NC_002947:leuA,1168733,1170407,-1	leuC,2250666,2252100,1	leuD,2252096,2252741,1	leuB,2253678,2254761,1	
NC_005085:leuA,632716,634255,1	leuD,2340984,2341623,-1	leuC,2341619,2343050,-1	leuB,3014382,3015447,-1	
NC_002663:leuD,2197830,2198436,-1	leuC,2198638,2200045,-1	leuB,2200385,2201465,-1	leuA,2201574,2203131,-1	
NC_002927:leuB,1096603,1097716,-1	leuD,1097719,1098349,-1	leuC,1098389,1099784,-1	leuA,5233524,5235231,1	
NC_002678:
NC_004463:leuB,446837,448004,-1	leuD,447973,448609,-1	leuC,448609,450148,-1	leuA,7083793,7085356,-1	
