livF,a	livG,b	livH,c	livK,d	livM,e	
NC_011833:
NC_002696:
NC_002516:livF,1157953,1158655,-1	livG,1158657,1159425,-1	livM,1159421,1160675,-1	livH,1160671,1161595,-1	livK,1161855,1162977,-1	
NC_000913:livF,3592723,3593437,-1	livG,3593438,3594206,-1	livM,3594202,3595480,-1	livH,3595476,3596403,-1	livK,3596450,3597560,-1	
NC_004347:livG,1891181,1891967,-1	livF,1891947,1892955,-1	
NC_004757:
NC_003047:livK,2668388,2669507,-1	livF,2669991,2670717,-1	livG,2670713,2671601,-1	livM,2671600,2672986,-1	livH,2672990,2673893,-1	
NC_003062:livK,2247388,2248495,-1	livF,2396265,2396994,-1	livG,2396993,2397884,-1	livM,2397883,2399281,-1	livH,2399285,2400188,-1	
NC_003143:livF,4270343,4271045,-1	livG,4271089,4271857,-1	livM,4271853,4273140,-1	livH,4273136,4274063,-1	livK,4274243,4275359,-1	
NC_005061:
NC_007086:
NC_004578:livK,4631635,4632760,1	livH,4632985,4633909,1	livM,4633905,4635171,1	livG,4635167,4635935,1	livF,4635935,4636637,1	
NC_002488:
NC_004310:livK,16002,17109,-1	livK,1715477,1716593,-1	livG,1717842,1719165,-1	livM,1719182,1720562,-1	livH,1720564,1721473,-1	
NC_002928:livK,2782830,2783976,1	livH,2784125,2785055,1	livM,2785051,2786140,1	livG,2786136,2786940,1	livF,2786936,2787668,1	
NC_002929:livF,1346130,1346832,-1	livG,1346832,1347600,-1	livM,1347596,1348835,-1	livH,1348834,1349761,-1	livK,1349863,1350979,-1	
NC_003197:livF,3728653,3729367,-1	livG,3729368,3730136,-1	livM,3730132,3731410,-1	livH,3731406,3732333,-1	livK,3732392,3733502,-1	
NC_004459:livG,11961,12783,-1	livF,710428,711154,1	
NC_004917:livG,338257,339010,1	livG,338257,339010,1	
NC_004603:livG,4983,5721,-1	livF,602914,603733,1	
NC_000907:livF,61391,63155,-1	livG,142162,143149,-1	
NC_002163:livF,947342,948038,-1	livG,948024,948795,-1	livM,948791,949844,-1	livH,949843,950740,-1	livK,950758,951868,-1	livK,951889,953005,-1	
NC_003295:livF,2643182,2643917,-1	livG,2643926,2644700,-1	livM,2644713,2645850,-1	livH,2645863,2646799,-1	livK,2647009,2648020,-1	
NC_005090:livF,1407617,1408313,-1	livG,1408299,1409076,-1	livM,1409072,1410029,-1	livH,1410115,1411018,-1	livK,1411027,1412146,-1	
NC_004741:livK,4205934,4207044,1	livH,4207091,4208018,1	livM,4208014,4209292,1	livG,4209288,4210056,1	livF,4210057,4210771,1	
NC_003112:
NC_003919:
NC_002947:livF,1302671,1303373,-1	livG,1303373,1304141,-1	livM,1304137,1305394,-1	livH,1305390,1306314,-1	livK,1306499,1307615,-1	
NC_005085:livK,426701,427856,-1	livH,1606624,1607554,1	livM,1607570,1608662,1	livG,1608664,1609435,1	livF,1609431,1610142,1	
NC_002663:livF,269611,270610,1	livG,270626,271607,1	
NC_002927:livK,2172125,2173271,1	livH,2173420,2174350,1	livM,2174346,2175435,1	livG,2175431,2176235,1	livF,2176231,2176963,1	
NC_002678:livF,3176904,3177633,-1	livG,3177632,3178718,-1	livM,3178735,3180331,-1	livH,3180335,3181238,-1	livK,6392980,6394180,1	
NC_004463:livF,1167981,1168719,-1	livG,1168730,1169474,-1	livM,1169470,1170469,-1	livH,1170465,1171341,-1	livK,1171502,1172633,-1	
