apaG,a	apaH,b	lptD,c	pdxA,d	rsmA,e	surA,f	
NC_011833:surA,146079,147372,1	rsmA,147425,148247,1	apaH,148291,149116,1	
NC_002696:rsmA,1857741,1858518,-1	pdxA,1858616,1859618,-1	surA,1859614,1861120,-1	apaG,2438719,2439184,1	
NC_002516:apaH,649306,650158,-1	apaG,650157,650538,-1	rsmA,650574,651381,-1	pdxA,651496,652483,-1	surA,652479,653772,-1	lptD,653752,656527,-1	
NC_000913:apaH,50379,51222,-1	apaG,51228,51606,-1	rsmA,51608,52430,-1	pdxA,52426,53416,-1	surA,53415,54702,-1	lptD,54754,57109,-1	
NC_004347:lptD,3793828,3796126,1	surA,3796346,3797651,1	pdxA,3797657,3798644,1	rsmA,3798658,3799465,1	apaG,3799517,3799898,1	apaH,3799919,3800744,1	
NC_004757:apaH,666629,667436,-1	lptD,961683,963855,1	surA,963854,965201,1	pdxA,965253,966264,1	rsmA,966330,967104,1	apaG,1706971,1707355,-1	
NC_003047:apaG,577653,578046,-1	rsmA,1248253,1249078,-1	pdxA,1249077,1250106,-1	lptD,1251257,1253603,-1	
NC_003062:apaG,427500,427893,-1	rsmA,1091798,1092629,-1	pdxA,1092628,1093651,-1	lptD,1094920,1097302,-1	
NC_003143:apaH,521687,522557,-1	apaG,522573,522951,-1	rsmA,522964,523783,-1	pdxA,523775,524771,-1	surA,524754,526059,-1	lptD,526126,528469,-1	
NC_005061:apaH,142621,143440,-1	rsmA,143553,144369,-1	pdxA,144349,145378,-1	surA,145370,146651,-1	lptD,146700,149157,-1	
NC_007086:lptD,4085605,4088035,1	surA,4088031,4089423,1	pdxA,4089427,4090396,1	rsmA,4090962,4091751,1	apaG,4091828,4092212,1	apaH,4092240,4093221,1	
NC_004578:apaH,603268,604171,-1	apaG,604170,604551,-1	rsmA,604664,605471,-1	pdxA,605467,606457,-1	surA,606453,607740,-1	lptD,607756,610474,-1	
NC_002488:lptD,790041,792420,1	surA,792416,793811,1	pdxA,793814,794807,1	rsmA,2039853,2040726,1	apaG,2040762,2041146,1	apaH,2041160,2042039,1	
NC_004310:apaG,316032,316425,-1	rsmA,668448,669279,-1	pdxA,669275,670307,-1	lptD,671638,674017,-1	
NC_002928:pdxA,2651642,2652620,-1	rsmA,3962613,3963411,-1	surA,3963435,3964995,-1	lptD,3964991,3967364,-1	apaH,4251982,4252816,1	apaG,4488386,4488782,-1	
NC_002929:apaH,327586,328420,-1	pdxA,2964312,2965290,1	apaG,3484758,3485154,1	lptD,3548640,3551013,1	surA,3551009,3552569,1	rsmA,3552593,3553391,1	
NC_003197:apaH,101423,102272,-1	apaG,102282,102660,-1	rsmA,102662,103484,-1	pdxA,103480,104470,-1	surA,104469,105756,-1	lptD,105809,108170,-1	
NC_004459:lptD,682687,685018,1	surA,685068,686355,1	pdxA,686347,687334,1	rsmA,687330,688137,1	apaG,688196,688577,1	apaH,688591,689401,1	
NC_004917:
NC_004603:apaH,327315,328122,-1	apaG,328138,328519,-1	rsmA,328584,329394,-1	pdxA,329390,330389,-1	surA,330378,331662,-1	lptD,331723,334069,-1	
NC_000907:
NC_002163:
NC_003295:lptD,551120,553556,1	surA,553552,555049,1	pdxA,555146,556163,1	rsmA,556193,557039,1	apaH,729077,729929,-1	apaG,3106590,3106965,-1	
NC_005090:
NC_004741:apaH,49183,50026,-1	apaG,50032,50410,-1	rsmA,50412,51234,-1	pdxA,51230,52220,-1	surA,52219,53506,-1	lptD,53558,55913,-1	
NC_003112:pdxA,195139,196147,1	lptD,283437,285714,1	surA,285815,286862,1	rsmA,722578,723358,-1	
NC_003919:apaH,1022904,1023849,-1	apaG,1023877,1024261,-1	rsmA,1024297,1025086,-1	pdxA,1025203,1026175,-1	surA,1026194,1027586,-1	lptD,1027582,1030036,-1	
NC_002947:apaH,485066,485933,-1	apaG,485932,486313,-1	rsmA,486510,487314,-1	pdxA,487310,488300,-1	surA,488296,489616,-1	
NC_005085:rsmA,133591,134380,-1	apaG,2355426,2355807,1	apaH,4397962,4398796,-1	lptD,4562440,4564702,1	surA,4564714,4566004,1	pdxA,4566003,4566990,1	
NC_002663:surA,1400200,1401136,1	rsmA,1401238,1402105,1	apaH,1402126,1402954,1	lptD,1810986,1813347,-1	pdxA,1858390,1859404,-1	
NC_002927:pdxA,2042214,2043192,-1	rsmA,4360725,4361523,-1	surA,4361547,4363107,-1	lptD,4363103,4365476,-1	apaH,4686829,4687663,1	apaG,4923752,4924127,-1	
NC_002678:surA,2794092,2795004,-1	apaG,4540168,4540561,-1	rsmA,6503113,6503953,-1	pdxA,6503949,6504978,-1	lptD,6506002,6508429,-1	
NC_004463:surA,202048,203020,1	apaG,1214697,1215102,-1	rsmA,4532852,4533707,-1	pdxA,4533706,4534744,-1	lptD,4535738,4538291,-1	
