baeR,a	baeS,b	mdtA,c	mdtB,d	mdtC,e	mdtD,f	
NC_011833:
NC_002696:baeR,252524,253232,1	baeS,253206,254811,1	mdtB,897104,900260,-1	mdtA,900272,901439,-1	mdtD,3297578,3298988,-1	mdtD,3969767,3971369,1	
NC_002516:mdtD,277893,279399,-1	mdtD,516028,517462,-1	mdtA,1562812,1563970,1	mdtC,1563966,1567077,1	baeR,1567180,1567870,1	baeS,1567847,1569293,1	
NC_000913:mdtB,598713,601857,1	mdtA,2154015,2155263,1	mdtC,2155262,2158385,1	mdtC,2158385,2161463,1	mdtD,2161463,2162879,1	baeS,2162875,2164279,1	baeR,2164275,2164998,1	
NC_004347:baeR,66405,67095,-1	baeS,67095,68142,-1	mdtD,548245,549865,1	mdtA,1977243,1978326,1	mdtB,1978322,1981418,1	mdtC,4789795,4792933,1	
NC_004757:baeS,382382,383768,-1	baeR,383764,384436,-1	mdtB,384523,387652,-1	mdtA,387653,388835,-1	mdtA,580263,581457,1	mdtC,581453,584576,1	
NC_003047:baeS,49251,51039,-1	baeR,51418,52141,-1	mdtB,219906,223053,-1	mdtA,223063,224287,-1	mdtD,833375,834788,-1	
NC_003062:baeS,34678,36469,-1	baeR,36524,37250,-1	mdtD,609578,610976,-1	mdtB,2014712,2017859,-1	mdtA,2017855,2019007,-1	
NC_003143:baeS,82236,83613,-1	baeR,83609,84308,-1	mdtB,439230,442317,1	mdtA,3179357,3180692,1	mdtC,3180691,3183850,1	mdtC,3183846,3186921,1	mdtD,3186954,3188352,1	
NC_005061:
NC_007086:baeS,925325,926822,-1	baeR,926818,927538,-1	mdtD,2127182,2128613,-1	mdtA,2376197,2377313,1	mdtB,2377309,2380810,1	mdtC,2380806,2383893,1	
NC_004578:mdtB,412539,415701,-1	mdtD,452491,453880,-1	baeS,1435389,1436754,-1	baeR,1436743,1437421,-1	mdtC,1437431,1440536,-1	mdtA,1440532,1441699,-1	
NC_002488:baeR,338427,339123,1	baeS,339106,340489,1	mdtD,1681957,1683376,-1	mdtD,1681957,1683376,-1	mdtA,1990485,1991712,1	mdtB,1991726,1994894,1	
NC_004310:mdtA,281566,282718,1	mdtB,282732,285864,1	baeR,593039,593729,1	baeS,593815,595114,1	mdtD,1029022,1030564,-1	
NC_002928:baeS,394814,396188,-1	baeR,396184,396898,-1	mdtB,456959,460121,-1	mdtA,460137,461319,-1	mdtD,1367439,1368870,1	mdtD,1709540,1710986,-1	
NC_002929:mdtB,854980,858094,-1	mdtA,858106,859213,-1	mdtD,1228916,1230338,1	baeS,2629366,2632081,1	baeR,2632122,2632818,1	mdtD,4030848,4032306,1	
NC_003197:mdtA,2214283,2215525,1	mdtC,2215524,2218647,1	mdtC,2218647,2221728,1	mdtD,2221724,2223137,1	baeS,2223136,2224540,1	baeR,2224536,2225259,1	mdtB,2593646,2596760,1	
NC_004459:baeS,40894,42331,-1	baeR,42342,43071,-1	mdtB,1070575,1073695,-1	mdtA,1073706,1074813,-1	
NC_004917:mdtB,167701,170830,-1	mdtA,170839,172021,-1	mdtC,603455,606521,1	baeR,1535383,1536049,-1	baeS,1584504,1585788,1	
NC_004603:mdtB,42144,45267,-1	mdtA,45278,46385,-1	baeR,164728,165448,1	baeS,165553,166846,1	
NC_000907:mdtD,898106,899498,1	mdtA,947367,948516,1	mdtB,948515,951614,1	baeS,1474350,1475628,-1	baeR,1475624,1476320,-1	
NC_002163:mdtB,332595,335718,-1	mdtA,335717,336821,-1	baeS,1151154,1152345,-1	baeR,1191787,1192459,1	
NC_003295:mdtB,8445,11595,-1	mdtA,11620,12817,-1	baeS,593667,595209,-1	baeR,595201,595900,-1	mdtD,1376306,1377863,-1	
NC_005090:baeR,77063,77732,1	baeS,77721,78954,1	mdtA,401613,402759,1	mdtB,402768,405921,1	
NC_004741:mdtB,417585,420735,-1	mdtA,420757,421951,-1	mdtC,2148041,2151107,1	mdtD,2151107,2152523,1	baeS,2152519,2153923,1	baeR,2153919,2154642,1	
NC_003112:baeS,625723,627130,-1	baeR,627143,627821,-1	mdtD,1475120,1476527,-1	mdtB,1791966,1795170,-1	mdtA,1795181,1796420,-1	
NC_003919:baeR,386340,387024,-1	baeS,387020,388400,-1	mdtA,388560,389787,1	mdtB,389796,392946,1	mdtD,1669133,1670714,1	mdtA,2406715,2407831,1	mdtC,2407857,2411337,1	mdtC,2411333,2414420,1	
NC_002947:baeS,3912773,3914075,-1	baeR,3914081,3914921,-1	mdtA,3915028,3916204,1	mdtB,3916215,3919344,1	mdtC,4065952,4069060,-1	mdtD,5640332,5641760,1	
NC_005085:mdtD,53262,54783,-1	baeR,226115,226847,1	baeS,226898,228185,1	mdtB,451869,455013,-1	mdtA,455033,456221,-1	mdtD,3829975,3831349,-1	
NC_002663:baeR,238417,239089,1	baeS,239075,240449,1	mdtB,1329613,1332712,-1	mdtA,1333192,1334356,-1	mdtD,2009017,2010403,-1	
NC_002927:mdtD,121093,122527,-1	baeS,390212,391586,-1	baeR,391582,392296,-1	mdtB,452083,455269,-1	mdtA,455285,456467,-1	mdtD,4730413,4731871,1	
NC_002678:mdtD,619810,621304,1	baeS,4656884,4658267,-1	baeR,4658253,4658931,-1	mdtC,4659012,4662129,-1	mdtA,4662125,4663379,-1	mdtD,6859349,6860771,-1	
NC_004463:mdtA,271600,272773,1	mdtC,272769,275913,1	baeS,312982,314407,-1	baeR,314416,315391,-1	mdtB,373282,376429,1	mdtD,4408474,4409965,-1	
