nuoA,a	nuoB,b	nuoC,c	nuoE,d	nuoF,e	nuoG,f	nuoH,g	nuoI,h	nuoJ,i	nuoK,j	nuoL,k	nuoM,l	nuoN,m	
NC_011833:nuoA,164471,164876,1	nuoB,164909,165584,1	nuoC,165674,167477,1	nuoE,167499,167988,1	nuoF,167984,169319,1	nuoG,169412,172133,1	nuoH,172144,173113,1	nuoI,173137,173680,1	nuoJ,173689,174202,1	nuoK,174232,174535,1	nuoL,174531,176376,1	nuoM,176472,177990,1	nuoN,178047,179457,1	
NC_002696:nuoN,2135336,2136782,-1	nuoM,2136789,2138274,-1	nuoL,2138288,2140349,-1	nuoI,2141359,2141851,-1	nuoH,2142321,2143392,-1	nuoG,2143396,2145457,-1	nuoF,2145462,2146782,-1	nuoE,2147274,2147961,-1	nuoC,2148286,2149483,-1	nuoC,2149956,2150550,-1	nuoB,2150546,2151128,-1	nuoA,2151118,2151496,-1	
NC_002516:nuoA,2982780,2983194,1	nuoB,2983204,2983882,1	nuoC,2983962,2985744,1	nuoE,2985745,2986246,1	nuoF,2986242,2987589,1	nuoG,2987720,2990438,1	nuoH,2990434,2991430,1	nuoI,2991441,2991990,1	nuoJ,2992001,2992502,1	nuoK,2992547,2992856,1	nuoL,2992852,2994700,1	nuoM,2994727,2996257,1	nuoN,2996264,2997725,1	
NC_000913:nuoN,2390047,2391505,-1	nuoM,2391511,2393041,-1	nuoL,2393204,2395046,-1	nuoK,2395042,2395345,-1	nuoJ,2395341,2395896,-1	nuoI,2395907,2396450,-1	nuoH,2396464,2397442,-1	nuoG,2397438,2400165,-1	nuoF,2400217,2401555,-1	nuoE,2401551,2402052,-1	nuoC,2402054,2403845,-1	nuoB,2403950,2404613,-1	nuoA,2404628,2405072,-1	
NC_004347:nuoM,1045280,1046744,-1	nuoM,1046740,1048285,-1	nuoL,1048383,1050231,-1	nuoK,1050227,1050536,-1	nuoJ,1050532,1051084,-1	nuoI,1051094,1051637,-1	nuoH,1051645,1052614,-1	nuoG,1052610,1055340,-1	nuoF,1055381,1056767,-1	nuoE,1056763,1057306,-1	nuoC,1057387,1059193,-1	nuoB,1059196,1059871,-1	nuoA,1059900,1060305,-1	
NC_004757:nuoN,1907693,1909139,-1	nuoM,1909205,1910687,-1	nuoL,1910772,1912719,-1	nuoI,1913767,1914256,-1	nuoH,1914269,1915370,-1	nuoG,1915392,1917798,-1	nuoF,1917860,1919138,-1	nuoE,1919134,1919623,-1	nuoC,1919619,1920873,-1	nuoC,1920933,1921554,-1	nuoB,1921566,1922043,-1	nuoA,1922046,1922415,-1	
NC_003047:nuoA,1378258,1378624,1	nuoB,1378614,1379193,1	nuoC,1379210,1379816,1	nuoC,1379872,1381063,1	nuoE,1381333,1382161,1	nuoF,1382175,1383480,1	nuoG,1384331,1386413,1	nuoH,1386433,1387477,1	nuoI,1387538,1388033,1	nuoL,1389144,1391139,1	nuoM,1391138,1392650,1	nuoN,1392669,1394112,1	
NC_003062:nuoA,1256219,1256585,1	nuoB,1256554,1257160,1	nuoC,1257181,1257784,1	nuoC,1258210,1259401,1	nuoE,1259677,1260787,1	nuoF,1260797,1262102,1	nuoG,1262251,1264333,1	nuoH,1264346,1265393,1	nuoI,1265429,1265921,1	nuoL,1267018,1269016,1	nuoM,1269015,1270527,1	nuoN,1270545,1271988,1	
NC_003143:nuoN,2855076,2856540,-1	nuoM,2856546,2858079,-1	nuoL,2858118,2859963,-1	nuoK,2859959,2860262,-1	nuoJ,2860258,2860804,-1	nuoI,2860816,2861359,-1	nuoH,2861373,2862351,-1	nuoG,2862347,2865092,-1	nuoF,2865178,2866564,-1	nuoE,2866560,2867079,-1	nuoC,2867126,2868923,-1	nuoB,2869063,2869741,-1	nuoA,2869842,2870337,-1	
NC_005061:nuoN,532441,533956,-1	nuoM,534031,535561,-1	nuoL,535605,537483,-1	nuoK,537479,537782,-1	nuoJ,537781,538333,-1	nuoI,538362,538908,-1	nuoH,538934,539903,-1	nuoG,539899,542725,-1	nuoF,542837,544175,-1	nuoE,544177,544642,-1	nuoC,544732,546523,-1	nuoB,546652,547324,-1	nuoA,547329,547761,-1	
NC_007086:nuoA,1908496,1908853,1	nuoB,1908822,1909398,1	nuoC,1909434,1910187,1	nuoC,1910183,1911491,1	nuoE,1911487,1912015,1	nuoF,1912018,1913353,1	nuoG,1913349,1915584,1	nuoH,1915580,1916672,1	nuoI,1916672,1917164,1	nuoL,1918140,1920324,1	nuoM,1920344,1921847,1	nuoN,1921883,1923344,1	
NC_004578:nuoA,3803846,3804260,1	nuoB,3804270,3804945,1	nuoC,3805019,3806801,1	nuoE,3806803,3807301,1	nuoF,3807297,3808656,1	nuoG,3808793,3811511,1	nuoH,3811507,3812515,1	nuoI,3812526,3813075,1	nuoJ,3813085,3813595,1	nuoK,3813591,3813900,1	nuoL,3813896,3815750,1	nuoM,3815789,3817322,1	nuoM,3817329,3818799,1	
NC_002488:nuoA,319214,319622,1	nuoB,319591,320167,1	nuoC,320218,320971,1	nuoC,320967,322275,1	nuoE,322271,322799,1	nuoF,322803,324138,1	nuoG,324134,326369,1	nuoH,326398,327457,1	nuoI,327457,327949,1	nuoL,328931,331073,1	nuoM,331094,332600,1	nuoN,332634,334092,1	
NC_004310:nuoA,779379,779745,1	nuoB,779735,780317,1	nuoC,780429,781038,1	nuoC,781055,782246,1	nuoE,782245,782959,1	nuoF,782962,784270,1	nuoG,784404,786489,1	nuoH,786508,787552,1	nuoI,787564,788056,1	nuoL,789173,791159,1	nuoM,791158,792667,1	nuoN,792688,794125,1	
NC_002928:nuoN,3642568,3644053,-1	nuoM,3644063,3645566,-1	nuoL,3645562,3647575,-1	nuoI,3648562,3649006,-1	nuoH,3649072,3650146,-1	nuoG,3650145,3652473,-1	nuoF,3652488,3653856,-1	nuoE,3653852,3654347,-1	nuoC,3654392,3655649,-1	nuoC,3655651,3656275,-1	nuoB,3656349,3656826,-1	nuoA,3656862,3657222,-1	
NC_002929:nuoA,870571,870931,1	nuoB,870967,871444,1	nuoC,871518,872142,1	nuoC,872144,873401,1	nuoE,873446,873941,1	nuoF,873937,875305,1	nuoG,875320,877648,1	nuoH,877647,878721,1	nuoI,878742,879231,1	nuoL,880218,882231,1	nuoM,882230,883730,1	nuoN,883740,885225,1	
NC_003197:nuoM,2424353,2425811,-1	nuoM,2425817,2427347,-1	nuoL,2427660,2429502,-1	nuoK,2429498,2429801,-1	nuoJ,2429797,2430352,-1	nuoI,2430362,2430905,-1	nuoH,2430919,2431897,-1	nuoG,2431893,2434620,-1	nuoF,2434650,2435988,-1	nuoE,2435984,2436485,-1	nuoC,2436487,2438290,-1	nuoB,2438376,2439039,-1	nuoA,2439054,2439498,-1	
NC_004459:
NC_004917:nuoN,1518369,1519848,-1	nuoM,1519849,1521427,-1	nuoL,1521423,1523301,-1	nuoK,1523303,1523606,-1	nuoI,1524116,1524755,-1	nuoH,1524763,1525762,-1	nuoG,1525758,1528233,-1	nuoC,1529278,1530508,-1	nuoC,1530504,1531248,-1	nuoB,1531261,1531771,-1	
NC_004603:
NC_000907:
NC_002163:nuoN,1496421,1497810,-1	nuoM,1497799,1499287,-1	nuoL,1499288,1501079,-1	nuoI,1501888,1502530,-1	nuoH,1502539,1503538,-1	nuoG,1503530,1505993,-1	nuoC,1506902,1508129,-1	nuoC,1508130,1508925,-1	nuoB,1508921,1509425,-1	nuoA,1509406,1509796,-1	
NC_003295:nuoM,2221197,2222670,-1	nuoM,2222689,2224156,-1	nuoL,2224169,2226230,-1	nuoI,2227365,2227857,-1	nuoH,2227877,2228942,-1	nuoG,2228950,2231302,-1	nuoF,2231314,2232610,-1	nuoE,2232610,2233114,-1	nuoC,2233215,2234469,-1	nuoC,2234482,2235085,-1	nuoB,2235086,2235569,-1	nuoA,2235575,2235935,-1	
NC_005090:nuoA,471311,471701,1	nuoB,471682,472192,1	nuoC,472191,472992,1	nuoC,472998,474225,1	nuoG,476430,478671,1	nuoG,478679,479609,1	nuoH,481046,482036,1	nuoI,482041,482659,1	nuoK,483223,483526,1	nuoL,483529,485377,1	nuoM,485380,486901,1	nuoN,486900,488391,1	
NC_004741:nuoN,2377617,2379075,-1	nuoM,2379081,2380611,-1	nuoL,2380774,2382616,-1	nuoK,2382612,2382915,-1	nuoJ,2382911,2383466,-1	nuoI,2383477,2384020,-1	nuoH,2384034,2385012,-1	nuoG,2385008,2387735,-1	nuoF,2387787,2389125,-1	nuoE,2389121,2389622,-1	nuoC,2389624,2391427,-1	nuoB,2391520,2392183,-1	nuoA,2392198,2392642,-1	
NC_003112:nuoA,246613,246970,1	nuoB,246960,247443,1	nuoC,247455,248049,1	nuoC,248038,249295,1	nuoE,249294,249768,1	nuoF,250157,251459,1	nuoG,252732,254994,1	nuoH,254996,256073,1	nuoI,256153,256633,1	nuoL,259502,261527,1	nuoM,261622,263119,1	nuoN,263128,264571,1	
NC_003919:nuoN,3150585,3152046,-1	nuoM,3152079,3153582,-1	nuoL,3153602,3155747,-1	nuoI,3156723,3157212,-1	nuoH,3157215,3158307,-1	nuoG,3158303,3160538,-1	nuoF,3160534,3161869,-1	nuoE,3161872,3162400,-1	nuoC,3162396,3163704,-1	nuoC,3163700,3164453,-1	nuoB,3164489,3165065,-1	nuoA,3165034,3165391,-1	
NC_002947:nuoA,4656181,4656595,1	nuoB,4656604,4657282,1	nuoC,4657361,4659143,1	nuoE,4659145,4659643,1	nuoF,4659639,4661001,1	nuoG,4661133,4663848,1	nuoH,4663844,4664852,1	nuoI,4664863,4665412,1	nuoJ,4665422,4665923,1	nuoK,4665926,4666235,1	nuoL,4666231,4668085,1	nuoM,4668125,4669658,1	nuoM,4669665,4671135,1	
NC_005085:nuoA,975787,976144,1	nuoB,976134,976611,1	nuoC,976621,977218,1	nuoC,977210,978464,1	nuoE,978463,978964,1	nuoF,978963,980259,1	nuoG,980262,982584,1	nuoH,982587,983637,1	nuoI,983657,984146,1	nuoL,985167,987219,1	nuoM,987259,988759,1	nuoN,988780,990235,1	
NC_002663:
NC_002927:nuoN,4057789,4059274,-1	nuoM,4059284,4060787,-1	nuoL,4060783,4062796,-1	nuoI,4063783,4064272,-1	nuoH,4064293,4065367,-1	nuoG,4065366,4067694,-1	nuoF,4067709,4069077,-1	nuoE,4069073,4069568,-1	nuoC,4069613,4070870,-1	nuoC,4070872,4071496,-1	nuoB,4071570,4072047,-1	nuoA,4072083,4072443,-1	
NC_002678:nuoN,1131758,1133195,-1	nuoM,1133213,1134719,-1	nuoL,1134718,1136692,-1	nuoI,1137756,1138251,-1	nuoH,1138247,1139291,-1	nuoG,1139293,1141375,-1	nuoF,1142221,1143526,-1	nuoE,1143536,1144811,-1	nuoC,1144811,1146002,-1	nuoC,1146011,1146617,-1	nuoB,1146621,1147224,-1	nuoA,1147193,1147559,-1	
NC_004463:nuoN,5436355,5437792,-1	nuoM,5437814,5439323,-1	nuoL,5439323,5441396,-1	nuoI,5442538,5443045,-1	nuoH,5443041,5444109,-1	nuoG,5444119,5446195,-1	nuoF,5446200,5447526,-1	nuoE,5447747,5448359,-1	nuoC,5449346,5450543,-1	nuoC,5450545,5451157,-1	nuoB,5451168,5451777,-1	nuoA,5451746,5452112,-1	
