paaA,a	paaB,b	paaC,c	paaD,d	paaE,e	paaF,f	paaG,g	paaH,h	paaI,i	paaJ,j	paaK,k	
NC_011833:
NC_002696:paaF,4021,4810,1	paaH,76476,78606,-1	paaJ,78702,79908,-1	paaG,2047841,2048645,1	paaE,2596001,2596952,1	
NC_002516:paaJ,4021971,4023177,-1	paaH,4023199,4024732,-1	paaF,4024728,4025526,-1	paaG,5592632,5593424,-1	paaI,5855935,5856325,1	paaE,6087098,6088199,1	
NC_000913:paaA,1453926,1454856,1	paaB,1454867,1455155,1	paaC,1455163,1455910,1	paaD,1455924,1456422,1	paaE,1456429,1457500,1	paaF,1457496,1458264,1	paaG,1458263,1459052,1	paaH,1459053,1460481,1	paaI,1460470,1460893,1	paaJ,1460892,1462098,1	paaK,1462124,1463438,1	
NC_004347:paaJ,23306,24470,-1	paaH,24492,26643,-1	paaE,1419940,1421053,1	paaF,1767384,1768158,1	paaG,4055192,4055930,1	
NC_004757:paaK,865523,866879,1	paaJ,1656956,1658159,-1	paaH,1658228,1660739,-1	
NC_003047:paaF,397172,397946,1	paaH,587899,590113,-1	paaJ,590134,591343,-1	paaE,956323,957418,1	paaG,962584,963337,1	
NC_003062:paaF,315553,316315,1	paaJ,491831,493040,1	paaH,493224,495441,1	paaE,727574,728507,1	paaG,732950,733709,1	
NC_003143:paaE,1523821,1524844,-1	paaE,1523821,1524844,-1	paaG,1652092,1652854,1	paaJ,3076746,3078057,1	paaF,3078056,3080381,1	
NC_005061:
NC_007086:
NC_004578:paaI,355872,356256,-1	paaI,355872,356256,-1	paaE,445453,446554,1	paaK,2681680,2683111,1	paaG,3018616,3019429,1	paaF,3555899,3556673,-1	paaJ,3556755,3557964,-1	
NC_002488:
NC_004310:
NC_002928:paaA,1783435,1784419,1	paaB,1784483,1784768,1	paaC,1784783,1785548,1	paaD,1785544,1786051,1	paaE,1786062,1787151,1	paaG,1788876,1789665,1	paaI,1789664,1790135,1	paaK,1790326,1791523,1	paaJ,2491666,2492866,-1	paaH,2492875,2495266,-1	paaF,4479078,4479855,-1	
NC_002929:paaE,433235,436622,-1	paaJ,678660,679845,-1	paaH,679874,681992,-1	paaK,2840437,2841751,-1	paaI,2841825,2842296,-1	paaG,2842295,2843084,-1	paaD,2846946,2847453,-1	paaC,2847449,2848214,-1	paaB,2848229,2848514,-1	paaA,2848578,2849568,-1	paaF,3494682,3495510,1	
NC_003197:paaF,81724,82510,-1	paaE,1011982,1012954,-1	paaH,2498104,2500252,-1	paaJ,2500251,2501562,-1	
NC_004459:paaH,983283,985455,1	paaJ,985467,986631,1	paaE,2930088,2931132,1	paaF,3243908,3244787,-1	
NC_004917:
NC_004603:paaJ,26891,28067,-1	paaH,28082,30254,-1	paaF,969187,970054,1	paaE,1248860,1249916,-1	
NC_000907:
NC_002163:
NC_003295:paaH,507269,509753,1	paaJ,509785,510985,1	paaG,511092,511857,1	paaF,3101635,3102412,-1	paaG,3102491,3103280,1	paaI,3103276,3103744,1	paaK,3103809,3105120,1	
NC_005090:
NC_004741:paaF,34292,35186,-1	paaE,855234,856203,-1	paaH,2445434,2447579,-1	paaJ,2447578,2448889,-1	paaG,2990342,2991128,1	
NC_003112:
NC_003919:
NC_002947:paaE,3709316,3710393,-1	paaD,3710408,3710942,-1	paaC,3710928,3711687,-1	paaB,3711695,3711977,-1	paaA,3712002,3712992,-1	paaK,3713190,3714510,-1	paaJ,3714631,3715852,-1	paaI,3715844,3716285,-1	paaH,3716277,3717795,-1	paaG,3717797,3718589,-1	paaF,3718623,3719397,-1	
NC_005085:paaG,1918466,1919255,-1	paaE,1929509,1931492,-1	paaF,2268808,2269627,-1	paaA,2872858,2873638,-1	paaJ,2945181,2946384,-1	paaH,2946578,2948954,-1	paaK,3904977,3906285,-1	
NC_002663:
NC_002927:paaF,560776,561511,1	paaJ,1884043,1885243,-1	paaH,1885252,1887643,-1	paaK,3671591,3672905,-1	paaI,3672979,3673450,-1	paaG,3673449,3674238,-1	paaE,3675963,3677052,-1	paaD,3677063,3677570,-1	paaC,3677566,3678331,-1	paaB,3678346,3678631,-1	paaA,3678695,3679685,-1	
NC_002678:paaE,4041915,4043013,-1	paaG,4345329,4346133,-1	paaF,4480245,4481019,-1	paaJ,4520270,4521479,1	paaH,4521492,4523712,1	
NC_004463:paaG,114616,115468,-1	paaJ,1277009,1278218,1	paaH,1278238,1280452,1	paaA,3184728,3185727,1	paaB,3185806,3186025,1	paaC,3186021,3186801,1	paaD,3186794,3187298,1	paaE,3187246,3188383,1	paaI,3188457,3188934,1	paaK,3188909,3190298,1	paaG,3244327,3245116,1	
