phoU,a	pstA,b	pstB,c	pstC,d	pstS,e	
NC_011833:pstB,327898,328585,1	
NC_002696:pstC,306028,307462,1	pstA,307454,308750,1	pstB,308809,309634,1	phoU,309659,310352,1	
NC_002516:phoU,6032386,6033115,-1	pstB,6033210,6034044,-1	pstA,6034059,6035736,-1	pstC,6035755,6037789,-1	
NC_000913:phoU,3906852,3907578,-1	pstB,3907592,3908366,-1	pstA,3908548,3909439,-1	pstC,3909438,3910398,-1	pstS,3910484,3911525,-1	
NC_004347:pstC,1808380,1810639,1	pstA,1810698,1812357,1	pstB,1812390,1813209,1	phoU,1813340,1814051,1	
NC_004757:pstC,1086199,1087129,1	pstA,1087134,1088070,1	pstB,1088079,1088880,1	phoU,1880057,1880765,1	
NC_003047:pstC,568412,569324,1	pstA,569320,570643,1	pstB,570656,571472,1	phoU,571558,572272,1	
NC_003062:pstC,417600,419085,1	pstA,419081,420404,1	pstB,420418,421234,1	phoU,421330,422056,1	
NC_003143:phoU,4633930,4634653,-1	pstB,4634740,4635517,-1	pstA,4635597,4636485,-1	pstC,4636486,4637458,-1	pstS,4637671,4638712,-1	
NC_005061:
NC_007086:pstS,3252467,3253559,1	pstS,3253736,3254828,1	pstC,3254940,3255915,1	pstA,3255914,3256778,1	pstB,3256800,3257631,1	phoU,3257751,3258462,1	
NC_004578:pstB,3691779,3692559,-1	pstA,3692558,3693431,-1	pstC,3693439,3694435,-1	pstS,3694516,3695542,-1	phoU,6247628,6248390,-1	pstB,6248460,6249294,-1	pstA,6249360,6251034,-1	
NC_002488:pstS,2033850,2034945,1	pstC,2035056,2036031,1	pstA,2036030,2036894,1	pstB,2036914,2037745,1	phoU,2037764,2038475,1	
NC_004310:pstC,2062355,2063846,1	pstA,2063845,2065156,1	pstB,2065220,2065994,1	phoU,2066059,2066782,1	
NC_002928:phoU,1810471,1811278,1	pstS,2221230,2222271,1	pstC,2222405,2223422,1	pstA,2223443,2224301,1	pstB,2224297,2225122,1	
NC_002929:pstB,1114533,1115310,-1	pstA,1115354,1116191,-1	pstC,1116233,1117250,-1	pstS,1117384,1118425,-1	phoU,2477519,2478326,-1	
NC_003197:phoU,4059999,4060725,-1	pstB,4060739,4061513,-1	pstA,4061599,4062490,-1	pstC,4062489,4063449,-1	pstS,4063584,4064625,-1	
NC_004459:phoU,455664,456363,-1	pstB,456387,457206,-1	pstA,457207,458878,-1	
NC_004917:
NC_004603:pstA,601238,602912,1	pstB,602914,603733,1	phoU,603763,604462,1	
NC_000907:pstB,61391,63155,-1	pstA,1477192,1478041,-1	pstC,1478042,1478990,-1	pstS,1479080,1480084,-1	
NC_002163:pstC,574228,575143,1	pstA,575139,576228,1	pstB,576224,576965,1	
NC_003295:pstS,1633356,1634388,1	pstC,1634469,1635435,1	pstA,1635473,1636358,1	pstB,1636354,1637146,1	phoU,1637186,1637894,1	
NC_005090:pstS,901546,902473,-1	pstB,902469,903258,-1	pstA,903267,904440,-1	pstC,904452,905709,-1	
NC_004741:phoU,3934223,3934949,-1	pstB,3934963,3935737,-1	pstA,3935828,3936719,-1	pstC,3936766,3937678,-1	pstS,3937764,3938805,-1	
NC_003112:
NC_003919:phoU,1818580,1819291,-1	pstB,1819419,1820250,-1	pstA,1820272,1821142,-1	pstC,1821141,1822116,-1	pstS,1822228,1823320,-1	pstS,1823670,1824690,-1	
NC_002947:pstS,3043338,3044385,1	pstC,3044455,3045424,1	pstA,3045420,3046314,1	pstB,3046310,3047150,1	phoU,6070797,6071568,-1	pstB,6071669,6072515,-1	pstA,6072575,6074246,-1	
NC_005085:pstB,970531,971305,-1	pstA,971308,972232,-1	pstC,972233,973196,-1	pstS,973279,974317,-1	phoU,1325022,1325727,1	
NC_002663:pstB,508431,509211,-1	pstA,509228,510071,-1	pstC,510071,511034,-1	pstS,511096,512308,-1	
NC_002927:pstS,1570138,1571179,1	pstC,1571313,1572330,1	pstA,1572351,1573209,1	pstB,1573205,1574030,1	phoU,3651738,3652518,-1	
NC_002678:phoU,2995107,2995815,-1	pstB,2995840,2996644,-1	pstA,2996640,2997492,-1	pstC,2997495,2998479,-1	pstS,2998547,2999603,-1	
NC_004463:pstS,1204690,1205716,1	pstC,1205836,1206835,1	pstA,1206839,1207685,1	pstB,1207681,1208503,1	phoU,1208514,1209231,1	
