acpS,a	era,b	pdxJ,c	recO,d	rnc,e	
NC_011833:acpS,282504,282885,-1	era,283010,283862,-1	rnc,283858,284539,-1	
NC_002696:pdxJ,1721591,1722356,1	acpS,1722352,1722754,1	rnc,1724049,1724745,1	era,1725608,1726610,1	
NC_002516:rnc,838724,839414,1	era,839406,840324,1	recO,840384,841086,1	pdxJ,841078,841825,1	
NC_000913:acpS,2700617,2700998,-1	pdxJ,2700997,2701729,-1	recO,2701740,2702469,-1	era,2702480,2703386,-1	rnc,2703382,2704063,-1	
NC_004347:rnc,1404928,1405609,1	era,1405605,1406625,1	recO,1406679,1407381,1	pdxJ,1407465,1408203,1	acpS,1408202,1408586,1	
NC_004757:acpS,2522640,2523018,-1	pdxJ,2523014,2523740,-1	era,2523794,2524685,-1	rnc,2524770,2525508,-1	
NC_003047:acpS,1168354,1168774,1	rnc,1169676,1170393,1	era,1170389,1171331,1	pdxJ,2249853,2250606,-1	
NC_003062:acpS,1026080,1026485,1	rnc,1027434,1028154,1	era,1028237,1029179,1	pdxJ,1985657,1986413,-1	
NC_003143:rnc,3046570,3047251,1	era,3047247,3048159,1	recO,3048168,3048894,1	acpS,3273851,3274232,-1	pdxJ,3274231,3274963,-1	
NC_005061:era,590553,592011,-1	acpS,601326,601704,-1	pdxJ,601700,602444,-1	rnc,602669,603368,-1	
NC_007086:pdxJ,14112,14883,-1	recO,3550805,3551531,-1	era,3551770,3552667,-1	rnc,3552663,3553344,-1	
NC_004578:pdxJ,4747855,4748596,-1	recO,4748658,4749342,-1	era,4749402,4750305,-1	rnc,4750297,4750987,-1	
NC_002488:pdxJ,53903,54686,1	rnc,2136467,2137106,1	era,2137102,2137999,1	recO,2138169,2138901,1	
NC_004310:acpS,650585,650990,1	rnc,651851,652589,1	era,652733,653669,1	pdxJ,1339686,1340427,-1	
NC_002928:pdxJ,1888695,1889442,1	acpS,1889526,1889988,1	recO,3551604,3552192,-1	era,3552184,3553075,-1	rnc,3553071,3553842,-1	
NC_002929:pdxJ,2199597,2200344,1	acpS,2200428,2200890,1	recO,2571985,2572573,-1	era,2572565,2573456,-1	rnc,2573452,2574223,-1	
NC_003197:acpS,2722061,2722442,-1	pdxJ,2722441,2723173,-1	recO,2723184,2723913,-1	era,2723924,2724830,-1	rnc,2724826,2725507,-1	
NC_004459:rnc,1536469,1537147,1	era,1537139,1538102,1	recO,1538187,1538919,1	pdxJ,1538915,1539647,1	acpS,1539647,1540028,1	
NC_004917:
NC_004603:acpS,2715359,2715740,-1	pdxJ,2715753,2716485,-1	recO,2716481,2717213,-1	era,2717334,2718297,-1	rnc,2718289,2718967,-1	
NC_000907:era,13422,14331,-1	rnc,14327,15011,-1	recO,359128,359839,1	
NC_002163:
NC_003295:rnc,1116544,1117315,1	era,1117362,1118259,1	recO,1118279,1119098,1	pdxJ,1119094,1119886,1	acpS,1119909,1120326,1	
NC_005090:
NC_004741:acpS,2691276,2691657,-1	pdxJ,2691656,2692388,-1	recO,2692399,2693128,-1	era,2693139,2694045,-1	rnc,2694041,2694722,-1	
NC_003112:recO,461794,462586,1	pdxJ,462609,463338,1	acpS,465398,465776,1	rnc,711322,712042,1	era,712038,713013,1	
NC_003919:pdxJ,13648,14416,-1	rnc,1530541,1531222,1	era,1531218,1532118,1	recO,1532353,1533076,1	
NC_002947:rnc,1634065,1634755,1	era,1634741,1635650,1	recO,1635819,1636503,1	pdxJ,1636546,1637287,1	
NC_005085:rnc,2253780,2254491,1	era,2254487,2255378,1	recO,2255655,2256393,1	pdxJ,2256418,2257147,1	acpS,2257706,2258084,1	
NC_002663:era,86699,87620,-1	rnc,87616,88294,-1	recO,2109464,2110175,-1	
NC_002927:acpS,3572640,3573102,-1	pdxJ,3573186,3573933,-1	recO,3968062,3968650,-1	era,3968642,3969533,-1	rnc,3969529,3970300,-1	
NC_002678:pdxJ,1184867,1185608,-1	acpS,6427122,6427536,1	rnc,6428367,6429081,1	era,6429065,6429998,1	
NC_004463:era,5614583,5615510,-1	rnc,5615499,5616321,-1	acpS,5617331,5617751,-1	pdxJ,5617747,5618500,-1	
