rplA,a	rplJ,b	rplK,c	rplL,d	rpoB,e	rpoC,f	
NC_011833:rpoC,36320,40544,-1	rpoB,40621,44650,-1	rplL,44869,45238,-1	rplJ,45304,45802,-1	rplA,46067,46763,-1	rplK,46765,47194,-1	
NC_002696:rplJ,516550,517069,1	rplL,517114,517498,1	rpoB,521800,525871,1	rpoC,525984,530175,1	rplA,707851,708541,-1	rplK,708545,708977,-1	
NC_002516:rpoC,4772278,4776478,-1	rpoB,4776543,4780617,-1	rplL,4780838,4781207,-1	rplJ,4781285,4781786,-1	rplA,4781984,4782680,-1	rplK,4782679,4783111,-1	
NC_000913:rplK,4178446,4178875,1	rplA,4178878,4179583,1	rplJ,4179995,4180493,1	rplL,4180559,4180925,1	rpoB,4181244,4185273,1	rpoC,4185349,4189573,1	
NC_004347:rplK,229800,230229,1	rplA,230233,230935,1	rplJ,231200,231701,1	rplL,231755,232124,1	rpoB,232366,236404,1	rpoC,236487,240705,1	
NC_004757:rpoC,2215732,2219947,-1	rpoB,2220093,2224167,-1	rplL,2224502,2224877,-1	rplJ,2224947,2225463,-1	rplA,2225767,2226460,-1	rplK,2226461,2226893,-1	
NC_003047:rplK,1461624,1462053,1	rplA,1462057,1462756,1	rplJ,1463088,1463607,1	rplL,1463665,1464046,1	rpoB,1464311,1468454,1	rpoC,1468639,1472845,1	
NC_003062:rpoC,1922807,1927016,-1	rpoB,1927197,1931334,-1	rplL,1931597,1931975,-1	rplJ,1932034,1932553,-1	rplA,1932909,1933605,-1	rplK,1933607,1934039,-1	
NC_003143:rpoC,4197263,4201484,-1	rpoB,4201612,4205641,-1	rplL,4205983,4206352,-1	rplJ,4206418,4206916,-1	rplA,4207280,4207985,-1	rplK,4207988,4208417,-1	
NC_005061:rpoC,620228,624491,-1	rpoB,624605,628634,-1	rplL,628840,629221,-1	rplJ,629315,629813,-1	rplA,630130,630838,-1	rplK,630834,631275,-1	
NC_007086:rpoC,3989989,3994207,-1	rpoB,3994307,3998471,-1	rplL,3998713,3999079,-1	rplJ,3999133,3999667,-1	rplA,4000215,4000914,-1	rplK,4000917,4001346,-1	
NC_004578:rplK,675992,676424,1	rplA,676423,677119,1	rplJ,677321,677822,1	rplL,677901,678267,1	rpoB,678488,682562,1	rpoC,682626,686826,1	
NC_002488:rpoC,2511583,2515876,-1	rpoB,2515905,2520072,-1	rplL,2520306,2520675,-1	rplJ,2520729,2521257,-1	rplA,2521759,2522458,-1	rplK,2522462,2522891,-1	
NC_004310:rpoC,1205969,1210172,-1	rpoB,1210320,1214454,-1	rplL,1214661,1215036,-1	rplJ,1215087,1215606,-1	rplA,1215996,1216698,-1	rplK,1216702,1217131,-1	
NC_002928:rplK,9182,9614,1	rplA,9616,10315,1	rplJ,10557,11082,1	rplL,11163,11547,1	rpoB,11682,15819,1	rpoC,15818,20063,1	
NC_002929:rplK,9137,9569,1	rplA,9571,10270,1	rplJ,10512,11037,1	rplL,11118,11502,1	rpoB,11661,15774,1	rpoC,15773,20018,1	
NC_003197:rplK,4363104,4363533,1	rplA,4363536,4364241,1	rplJ,4364660,4365158,1	rplL,4365224,4365590,1	rpoB,4365907,4369936,1	rpoC,4370012,4374236,1	
NC_004459:rplK,1184970,1185399,1	rplA,1185403,1186105,1	rplJ,1186395,1186884,1	rplL,1186944,1187313,1	rpoB,1187563,1191592,1	rpoC,1191667,1195870,1	
NC_004917:rpoB,347567,356252,-1	rplL,356399,356780,-1	rplJ,356800,357283,-1	rplA,357373,358078,-1	rplK,358094,358520,-1	
NC_004603:rpoC,3108614,3112817,-1	rpoB,3112892,3116921,-1	rplL,3117173,3117542,-1	rplJ,3117602,3118091,-1	rplA,3118383,3119085,-1	rplK,3119089,3119518,-1	
NC_000907:rpoC,530560,534808,-1	rpoB,535049,539081,-1	rplA,539464,540154,-1	rplK,540158,540587,-1	rplJ,681965,682457,1	rplL,682511,682883,1	
NC_002163:rplK,436672,437098,1	rplA,437152,437854,1	rplJ,438005,438485,1	rplL,438505,438883,1	rpoB,438991,443128,1	rpoC,443120,447674,1	
NC_003295:rpoC,3259140,3263370,-1	rpoB,3263488,3267595,-1	rplL,3268042,3268417,-1	rplJ,3268483,3268990,-1	rplA,3269360,3270056,-1	rplK,3270058,3270490,-1	
NC_005090:rplK,456074,456500,1	rplA,456528,457233,1	rplJ,457347,457830,1	rplL,457863,458238,1	rpoB,458350,467002,1	
NC_004741:rpoC,3563892,3568116,-1	rpoB,3568192,3572221,-1	rplL,3572540,3572906,-1	rplJ,3572972,3573470,-1	rplA,3573882,3574587,-1	rplK,3574590,3575019,-1	
NC_003112:rplK,134561,134996,1	rplA,134995,135691,1	rplJ,135920,136421,1	rplL,136478,136850,1	rpoB,137033,141218,1	rpoC,141374,145550,1	
NC_003919:rplK,1118660,1119089,1	rplA,1119092,1119791,1	rplJ,1120334,1120868,1	rplL,1120922,1121288,1	rpoB,1121567,1125719,1	rpoC,1125869,1130084,1	
NC_002947:rplK,535132,535564,1	rplA,535563,536259,1	rplJ,536456,536957,1	rplL,537034,537400,1	rpoB,537620,541694,1	rpoC,541758,545958,1	
NC_005085:rpoC,4520051,4524242,-1	rpoB,4524299,4528472,-1	rplL,4528626,4528998,-1	rplJ,4529034,4529529,-1	rplA,4529869,4530565,-1	rplK,4530566,4530998,-1	
NC_002663:rpoC,1952227,1956481,-1	rpoB,1956591,1960620,-1	rplL,1960894,1961263,-1	rplJ,1961314,1961806,-1	rplA,1964960,1965650,-1	rplK,1965654,1966083,-1	
NC_002927:rplK,9122,9554,1	rplA,9556,10255,1	rplJ,10497,11022,1	rplL,11103,11487,1	rpoB,11622,15759,1	rpoC,15758,20003,1	
NC_002678:rplK,190704,191133,1	rplA,191137,191836,1	rplJ,192229,192748,1	rplL,192802,193180,1	rpoB,193430,197567,1	rpoC,197698,201895,1	
NC_004463:rpoC,5947449,5951646,-1	rpoB,5951777,5955896,-1	rplL,5956379,5956757,-1	rplJ,5956811,5957330,-1	rplA,5958972,5959665,-1	rplK,5959671,5960100,-1	
