sdhA,a	sdhB,b	sdhC,c	sdhD,d	sucA,e	sucB,f	sucC,g	sucD,h	
NC_011833:sucA,334567,337297,1	sucB,337312,338575,1	
NC_002696:sucC,352433,353633,1	sucD,353633,354518,1	sucA,354696,357660,1	sucB,357719,358928,1	sdhB,3774256,3775039,-1	sdhA,3775046,3776837,-1	
NC_002516:sdhC,1720743,1721130,1	sdhD,1721123,1721492,1	sdhA,1721495,1723268,1	sdhB,1723279,1723987,1	sucA,1724243,1727075,1	sucB,1727117,1728347,1	sucC,1730180,1731347,1	sucD,1731346,1732234,1	
NC_000913:sdhC,755176,755566,1	sdhD,755559,755907,1	sdhA,755906,757673,1	sdhB,757688,758405,1	sucA,758705,761507,1	sucB,761521,762739,1	sucC,763013,764180,1	sucD,764179,765049,1	
NC_004347:sdhC,2030880,2031276,1	sdhD,2031269,2031617,1	sdhA,2031617,2033384,1	sdhB,2033398,2034106,1	sucA,2034325,2037145,1	sucB,2037193,2038381,1	sucC,2038498,2039665,1	sucD,2039664,2040537,1	
NC_004757:sucC,64416,65610,1	sucD,65612,66488,1	sdhC,1133398,1133791,1	sdhA,1134139,1135903,1	sdhB,2578159,2578855,1	sucA,2580586,2583445,1	sucB,2583466,2584744,1	
NC_003047:sucB,3311705,3312959,-1	sucA,3313081,3316078,-1	sucD,3316358,3317261,-1	sucC,3317267,3318464,-1	sdhB,3330829,3331609,-1	sdhA,3331627,3333469,-1	sdhC,3333867,3334260,-1	
NC_003062:sucB,2618189,2619422,-1	sucA,2619475,2622472,-1	sucD,2622647,2623550,-1	sucC,2623567,2624761,-1	sdhB,2627939,2628719,-1	sdhA,2628734,2630576,-1	sdhC,2630976,2631369,-1	
NC_003143:sdhC,1253387,1253777,1	sdhD,1253770,1254118,1	sdhA,1254118,1255885,1	sdhB,1255934,1256651,1	sucA,1257006,1259814,1	sucB,1259843,1261067,1	sucC,1261179,1262346,1	sucD,1262345,1263218,1	
NC_005061:sdhC,362198,362594,1	sdhD,362581,362929,1	sdhA,362931,364740,1	sdhB,364753,365482,1	sucA,365625,368538,1	sucB,368545,369862,1	sucC,369958,371158,1	sucD,371160,372051,1	
NC_007086:sucC,1280664,1281834,1	sucD,1281858,1282734,1	sdhA,2394741,2396532,1	sdhB,2396764,2397547,1	sucA,3300780,3303609,1	sucB,3303651,3304866,1	
NC_004578:sdhC,2415984,2416359,1	sdhD,2416352,2416721,1	sdhA,2416724,2418497,1	sdhB,2418509,2419214,1	sucA,2419473,2422305,1	sucB,2422346,2423567,1	sucC,2425384,2426551,1	sucD,2426550,2427432,1	
NC_002488:sdhA,1028215,1030006,1	sdhB,1030026,1030812,1	sucB,1504173,1505349,-1	sucA,1505391,1508220,-1	sucC,2421265,2422429,1	sucD,2422457,2423330,1	
NC_004310:sdhB,1836000,1836780,-1	sdhA,1836795,1838637,-1	sdhC,1839053,1839452,-1	sucB,1853698,1854925,-1	sucA,1854986,1858001,-1	sucD,1858276,1859179,-1	sucC,1859182,1860379,-1	
NC_002928:sucC,2837839,2839000,1	sucD,2839019,2839901,1	sucB,3464974,3466192,-1	sucA,3466237,3469111,-1	sdhB,3481467,3482184,-1	sdhA,3482196,3483975,-1	sdhD,3483978,3484362,-1	sdhC,3484361,3484775,-1	
NC_002929:sucA,1184811,1187682,1	sucB,1187727,1188942,1	sdhB,2498862,2499579,-1	sdhA,2499591,2501370,-1	sdhD,2501373,2501757,-1	sdhC,2501756,2502170,-1	sucD,2691295,2692177,-1	sucC,2692196,2693357,-1	
NC_003197:sdhC,797991,798381,1	sdhD,798374,798722,1	sdhA,798721,800488,1	sdhB,800501,801221,1	sucA,801744,804546,1	sucB,804560,805769,1	sucC,805910,807077,1	sucD,807076,807946,1	
NC_004459:sucD,141743,142616,-1	sucC,142615,143782,-1	sucB,143972,145181,-1	sucA,145209,148035,-1	sdhB,148136,148847,-1	sdhA,148860,150627,-1	sdhD,150627,150972,-1	sdhC,150965,151358,-1	
NC_004917:sdhA,666042,668019,1	sdhB,668018,668762,1	
NC_004603:sdhC,874179,874572,1	sdhD,874565,874910,1	sdhA,874910,876677,1	sdhB,876691,877402,1	sucA,877571,880397,1	sucB,880425,881631,1	sucC,881825,882992,1	sucD,882991,883864,1	
NC_000907:sdhB,883123,883894,-1	sdhA,883886,885686,-1	sucC,1262120,1263290,1	sucD,1263289,1264171,1	sucB,1728170,1729400,-1	sucA,1729502,1732310,-1	
NC_002163:sdhA,373354,375346,1	sdhB,375338,376064,1	sucC,497180,498344,1	sucD,498353,499223,1	
NC_003295:sucC,598776,599943,1	sucD,600027,600909,1	sucA,1348619,1351481,1	sucB,1351620,1352877,1	sdhB,2170084,2170786,-1	sdhA,2170808,2172587,-1	sdhD,2172590,2172956,-1	sdhC,2172966,2173389,-1	
NC_005090:sdhB,785965,786685,-1	sdhA,786684,788655,-1	sucC,1027668,1028847,1	sucD,1028843,1029728,1	
NC_004741:sucD,588282,589152,-1	sucC,589151,590318,-1	sucB,590411,591629,-1	sucA,591643,594445,-1	sdhB,594745,595462,-1	sdhA,595477,597244,-1	sdhD,597243,597591,-1	sdhC,597584,597974,-1	
NC_003112:sdhC,962507,962885,1	sdhD,962878,963220,1	sdhA,963222,964986,1	sdhB,965105,965813,1	sucA,967664,970493,1	sucB,970592,971774,1	sucC,974082,975249,1	sucD,975259,976150,1	
NC_003919:sucB,1772162,1773374,-1	sucA,1773416,1776245,-1	sdhA,2424362,2426153,1	sdhB,2426382,2427165,1	sucD,3810476,3811352,-1	sucC,3811376,3812546,-1	
NC_002947:sucD,4727783,4728668,-1	sucC,4728667,4729834,-1	sucB,4731535,4732759,-1	sucA,4732801,4735633,-1	sdhB,4735879,4736584,-1	sdhA,4736595,4738368,-1	sdhD,4738371,4738740,-1	sdhC,4738733,4739120,-1	
NC_005085:sdhC,1111861,1112239,1	sdhD,1112232,1112577,1	sdhA,1112576,1114352,1	sdhB,1114366,1115077,1	sucA,1116794,1119623,1	sucB,1119675,1120905,1	sucC,1122760,1123933,1	sucD,1123960,1124845,1	
NC_002663:sdhB,222820,223591,-1	sdhA,223583,225383,-1	sucA,314247,317043,1	sucB,317117,318332,1	sucC,318910,320077,1	sucD,320078,320948,1	
NC_002927:sucC,2227313,2228474,1	sucD,2228493,2229375,1	sucB,3881416,3882637,-1	sucA,3882682,3885553,-1	sdhB,3897911,3898628,-1	sdhA,3898640,3900419,-1	sdhD,3900422,3900806,-1	sdhC,3900805,3901219,-1	
NC_002678:sucC,1110719,1111904,1	sucD,1111918,1112818,1	sdhB,3397969,3398749,-1	sdhA,3399188,3400997,-1	sdhC,3401426,3401846,-1	sucB,3422202,3423477,-1	sucA,3423519,3426507,-1	
NC_004463:sucB,486895,488140,-1	sucA,488299,491257,-1	sucD,491394,492279,-1	sucC,492797,493994,-1	sdhC,549654,550053,1	sdhA,550457,552293,1	sdhB,552395,553178,1	
