ssuA,a	ssuB,b	ssuC,c	ssuD,d	ssuE,e	
NC_011833:
NC_002696:ssuC,670708,671599,1	ssuB,671611,672397,1	ssuD,1328004,1329072,1	
NC_002516:ssuB,3847973,3848798,-1	ssuC,3848794,3849583,-1	ssuD,3849603,3850752,-1	ssuA,3850829,3851801,-1	ssuE,3851919,3852513,-1	ssuB,3852666,3853416,-1	ssuC,3853412,3854237,-1	ssuA,3854240,3855242,-1	
NC_000913:ssuB,993276,994044,-1	ssuC,994040,994832,-1	ssuD,994842,995988,-1	ssuA,995984,996944,-1	ssuE,996936,997512,-1	
NC_004347:
NC_004757:ssuB,1297687,1298482,-1	ssuC,1298478,1299267,-1	
NC_003047:ssuA,2767270,2768305,-1	ssuC,2768363,2769227,-1	ssuB,2769238,2770075,-1	
NC_003062:ssuC,164145,164919,1	ssuB,164918,165704,1	ssuA,1864026,1864992,-1	ssuD,2468971,2470063,-1	
NC_003143:ssuE,4040827,4041409,1	ssuA,4041423,4042545,1	ssuD,4042563,4043712,1	ssuC,4043720,4044518,1	ssuB,4044514,4045330,1	
NC_005061:
NC_007086:ssuE,388001,388583,1	ssuB,4107953,4108793,1	ssuC,4108789,4109671,1	
NC_004578:ssuA,382478,383414,1	ssuD,1967636,1968725,-1	ssuC,1968983,1969841,1	ssuB,1969843,1970656,1	ssuE,3894901,3895483,1	
NC_002488:
NC_004310:ssuB,6821,8447,-1	ssuC,221945,222722,-1	
NC_002928:ssuA,88691,89693,1	ssuC,89756,90527,1	ssuB,90514,91306,1	ssuE,675419,676028,-1	ssuC,676035,676821,-1	ssuB,676836,677652,-1	
NC_002929:ssuA,3883502,3884471,1	ssuC,3884534,3885305,1	ssuB,3885313,3886084,1	
NC_003197:ssuB,123409,124117,-1	
NC_004459:ssuB,11961,12783,-1	
NC_004917:ssuB,338257,339010,1	ssuD,1181828,1182758,-1	
NC_004603:ssuB,4983,5721,-1	
NC_000907:ssuB,380642,381365,1	ssuC,381361,382099,1	
NC_002163:
NC_003295:ssuE,1424852,1425497,1	ssuA,1425632,1426643,1	ssuD,1426669,1427833,1	ssuC,1427844,1428639,1	ssuB,1428655,1429510,1	
NC_005090:ssuB,863483,864221,-1	ssuC,864208,864991,-1	
NC_004741:ssuC,272853,273681,-1	ssuB,273677,274445,-1	ssuA,274457,275354,-1	ssuD,985537,986683,-1	ssuA,986679,987639,-1	ssuE,987631,988207,-1	
NC_003112:
NC_003919:ssuB,1006744,1007503,-1	ssuC,1007499,1008351,-1	ssuA,1008359,1009364,-1	ssuD,1009375,1010539,-1	ssuE,1010749,1011313,-1	
NC_002947:ssuE,290938,291532,1	ssuA,291617,292583,1	ssuD,292642,293791,1	ssuC,293801,294599,1	ssuB,294595,295408,1	
NC_005085:ssuC,3113716,3114565,-1	ssuB,3114561,3115347,-1	ssuA,3115349,3116339,-1	
NC_002663:ssuC,1457913,1458678,-1	ssuB,1458655,1459384,-1	
NC_002927:ssuA,87495,88497,1	ssuC,88560,89331,1	ssuB,89318,90110,1	ssuE,676439,677048,-1	ssuC,677055,677841,-1	ssuB,677856,678672,-1	
NC_002678:ssuB,3620661,3621459,-1	ssuC,3621466,3622243,-1	ssuD,3622239,3623397,-1	ssuA,3623487,3624441,-1	ssuE,4157897,4158458,1	
NC_004463:ssuB,7717295,7718132,-1	ssuC,7718152,7718959,-1	ssuD,7718955,7720119,-1	ssuA,7720260,7721211,-1	
