ihfA,a	infC,b	pheM,c	pheS,d	pheT,e	rplT,f	rpmI,g	thrS,h	
NC_011833:thrS,130476,132405,1	infC,132408,132948,1	rpmI,133034,133232,1	rplT,133274,133631,1	pheS,133825,134815,1	pheT,134824,137212,1	ihfA,137216,137525,1	
NC_002696:thrS,486300,488268,1	pheT,1173555,1175955,-1	pheS,1176112,1177186,-1	rplT,1177434,1177791,-1	infC,1181446,1181968,-1	ihfA,1522586,1522889,1	
NC_002516:ihfA,3099809,3100112,-1	pheT,3100115,3102494,-1	pheS,3102528,3103545,-1	rplT,3103642,3103999,-1	infC,3104278,3104830,-1	thrS,3104829,3106752,-1	
NC_000913:ihfA,1795252,1795552,-1	pheT,1795556,1797944,-1	pheS,1797958,1798942,-1	rplT,1799392,1799749,-1	rpmI,1799801,1799999,-1	infC,1800095,1800638,-1	thrS,1800641,1802570,-1	
NC_004347:pheS,2180861,2181845,1	pheT,2181859,2184247,1	ihfA,2184250,2184547,1	thrS,2410459,2412388,1	infC,2412391,2412934,1	rpmI,2413019,2413214,1	rplT,2413230,2413587,1	
NC_004757:ihfA,1037077,1037386,-1	pheT,1037436,1039803,-1	pheS,1039821,1040859,-1	rplT,1040927,1041287,-1	infC,1041620,1042115,-1	thrS,1042240,1044148,-1	
NC_003047:infC,317831,318263,1	rplT,318743,319148,1	pheS,319293,320376,1	pheT,320409,322836,1	ihfA,1331425,1331764,1	thrS,1534692,1536678,1	
NC_003062:infC,252140,252563,1	rplT,252996,253401,1	pheS,254469,255519,1	pheT,255543,257967,1	ihfA,1173773,1174112,1	thrS,1732561,1734565,-1	
NC_003143:ihfA,2727775,2728072,-1	pheT,2728076,2730464,-1	pheS,2730477,2731461,-1	rplT,2731959,2732316,-1	rpmI,2732353,2732551,-1	infC,2732647,2733199,-1	thrS,2733202,2735131,-1	
NC_005061:thrS,388652,389885,1	infC,389908,390436,1	rplT,390825,391182,1	pheS,391285,392293,1	pheT,392328,394740,1	
NC_007086:thrS,1985329,1987240,1	infC,1987351,1987831,1	rplT,1988279,1988639,1	pheS,1988938,1989949,1	pheT,1990078,1992454,1	ihfA,1992474,1992774,1	
NC_004578:thrS,2627366,2629289,1	infC,2629306,2629840,1	rplT,2630124,2630481,1	pheS,2630584,2631601,1	pheT,2631629,2634008,1	ihfA,2634011,2634314,1	
NC_002488:thrS,691466,693374,1	infC,693489,693969,1	rplT,694437,694797,1	pheS,695068,696070,1	pheT,696153,698532,1	ihfA,698555,698855,1	
NC_004310:ihfA,762521,762845,1	thrS,1041026,1043003,-1	infC,2041666,2042071,1	rplT,2043308,2043713,1	pheS,2044742,2045852,1	pheT,2045873,2048288,1	
NC_002928:thrS,2099756,2101706,1	infC,2101777,2102272,1	rplT,2798998,2799358,1	pheS,2799432,2800455,1	pheT,2800467,2802885,1	ihfA,2802890,2803232,1	
NC_002929:thrS,1574768,1576718,1	infC,1576789,1577284,1	ihfA,2724101,2724443,-1	pheT,2724448,2726866,-1	pheS,2726878,2727901,-1	rplT,2727975,2728335,-1	
NC_003197:thrS,1412201,1414130,1	infC,1414133,1414676,1	rpmI,1414771,1414969,1	rplT,1415019,1415376,1	pheS,1415677,1416661,1	pheT,1416676,1419064,1	ihfA,1419068,1419368,1	
NC_004459:pheS,2404518,2405502,1	pheT,2405520,2407908,1	ihfA,2411388,2411676,1	thrS,2435079,2437008,1	infC,2437173,2437563,1	rplT,2437902,2438256,1	
NC_004917:pheT,30800,33206,-1	pheS,33205,34207,-1	thrS,422308,424123,1	infC,424119,424644,1	rplT,424943,425297,1	ihfA,768907,769195,1	
NC_004603:thrS,1357202,1359131,1	rplT,1360040,1360394,1	pheS,1369541,1370525,1	pheT,1370543,1372949,1	ihfA,1374556,1374853,1	
NC_000907:pheS,1388299,1389289,1	pheT,1389322,1391710,1	ihfA,1391711,1392002,1	infC,1395025,1395568,1	rpmI,1395778,1395976,1	rplT,1396042,1396396,1	thrS,1454488,1456420,1	
NC_002163:thrS,202240,204049,1	infC,204045,204564,1	rplT,226400,226754,1	pheT,836110,838432,-1	pheS,838428,839421,-1	ihfA,849435,849732,-1	
NC_003295:thrS,1692526,1694434,1	infC,1694461,1694998,1	rplT,1695416,1695773,1	pheS,1695886,1696921,1	pheT,1696987,1699417,1	ihfA,1699589,1699904,1	
NC_005090:ihfA,501645,501921,1	thrS,776418,778227,1	infC,778223,778754,1	rplT,779092,779446,1	pheS,1258683,1259676,1	pheT,1259672,1262033,1	
NC_004741:thrS,1582813,1584742,1	infC,1584853,1585288,1	rpmI,1585384,1585582,1	rplT,1585634,1585991,1	pheS,1586440,1587424,1	pheT,1587438,1589826,1	ihfA,1589830,1590130,1	
NC_003112:thrS,751042,752956,1	infC,753027,753495,1	rplT,753851,754211,1	pheS,754556,755549,1	pheT,758933,761297,1	ihfA,761370,761673,1	
NC_003919:ihfA,3048382,3048682,-1	pheT,3048703,3051082,-1	pheS,3051207,3052203,-1	rplT,3052453,3052813,-1	infC,3053267,3053747,-1	thrS,3053858,3055763,-1	
NC_002947:thrS,2809590,2811513,1	infC,2811530,2812064,1	rplT,2812346,2812703,1	pheS,2812812,2813829,1	pheT,2813860,2816242,1	ihfA,2816246,2816549,1	
NC_005085:thrS,1420343,1422245,1	infC,1422344,1422806,1	rplT,1423170,1423530,1	pheS,1423669,1424656,1	pheT,1424674,1427032,1	ihfA,1427103,1427406,1	
NC_002663:thrS,687396,689328,1	infC,699931,700396,1	rpmI,700793,700991,1	rplT,701061,701415,1	ihfA,730349,730646,-1	pheT,730649,733037,-1	pheS,733549,734533,-1	
NC_002927:rplT,2187020,2187380,1	pheS,2187454,2188477,1	pheT,2188489,2190907,1	ihfA,2190912,2191254,1	thrS,2298317,2300267,1	infC,2300338,2300833,1	
NC_002678:thrS,738203,740180,-1	pheT,4003651,4006060,-1	pheS,4006475,4007573,-1	rplT,4007723,4008125,-1	infC,4009447,4009984,-1	ihfA,6920508,6920832,1	
NC_004463:pheT,753733,756142,-1	pheS,756138,757221,-1	rplT,757817,758177,-1	infC,759201,759741,-1	ihfA,5565902,5566262,-1	thrS,6094948,6097120,1	
