acpP,a	fabD,b	fabF,c	fabG,d	fabH,e	plsX,f	rpmF,g	yceD,h	
NC_011833:
NC_002696:plsX,1520315,1521398,1	fabH,1521403,1522372,1	fabD,1848233,1849178,1	acpP,1851052,1851289,1	fabF,1851455,1852736,1	
NC_002516:fabF,3323573,3324818,-1	acpP,3324946,3325183,-1	fabD,3326144,3327083,-1	plsX,3327188,3328169,-1	rpmF,3328202,3328385,-1	yceD,3328398,3328935,-1	fabH,3678333,3679386,-1	
NC_000913:yceD,1146793,1147315,1	rpmF,1147366,1147540,1	plsX,1147620,1148691,1	fabH,1148758,1149712,1	fabD,1149727,1150657,1	acpP,1151614,1151851,1	fabF,1151938,1153180,1	
NC_004347:fabF,2896333,2897572,-1	acpP,2897781,2898015,-1	fabD,2898934,2899861,-1	fabH,2899965,2900925,-1	plsX,2900934,2901963,-1	rpmF,2901978,2902149,-1	yceD,2902166,2902691,-1	
NC_004757:yceD,1776160,1776667,1	rpmF,1776707,1776890,1	plsX,1776940,1777987,1	fabH,1777995,1778952,1	fabD,1778955,1779894,1	acpP,1780860,1781106,1	fabF,1781139,1782381,1	
NC_003047:fabD,1240669,1241614,1	acpP,1242712,1242949,1	fabF,1243254,1244520,1	plsX,1329298,1330342,1	fabH,1330360,1331332,1	rpmF,3548599,3548785,-1	
NC_003062:fabD,1083982,1084978,1	acpP,1086145,1086382,1	fabF,1086633,1087896,1	plsX,1171494,1172556,1	fabH,1172560,1173532,1	
NC_003143:yceD,1819521,1820046,1	rpmF,1820058,1820226,1	plsX,1820259,1821294,1	fabH,1821300,1822251,1	fabD,1822288,1823218,1	acpP,1824119,1824356,1	fabF,1824450,1825692,1	
NC_005061:acpP,444566,444803,-1	fabD,445712,446678,-1	fabH,446706,447663,-1	plsX,447674,448709,-1	rpmF,448729,448900,-1	fabF,552833,554051,-1	
NC_007086:fabF,3870475,3871711,-1	acpP,3871851,3872091,-1	fabD,3873068,3874013,-1	fabH,3874657,3875635,-1	rpmF,3875724,3875919,-1	yceD,3876015,3876525,-1	
NC_004578:fabH,2095351,2096368,1	fabF,4337831,4339076,-1	acpP,4339189,4339426,-1	fabD,4340377,4341316,-1	plsX,4341432,4342425,-1	rpmF,4342459,4342642,-1	
NC_002488:fabD,641366,642320,1	acpP,643310,643568,1	fabF,643725,644961,1	yceD,1730156,1730714,1	rpmF,1730828,1731023,1	fabH,1731117,1732092,1	
NC_004310:fabD,456143,457088,1	acpP,458168,458405,1	fabF,458728,459991,1	plsX,760143,761184,1	fabH,761431,762403,1	rpmF,1704321,1704501,-1	
NC_002928:fabF,3560863,3562093,-1	acpP,3562282,3562579,-1	fabD,3563458,3564394,-1	fabH,3564475,3565465,-1	plsX,3565461,3566520,-1	rpmF,3566576,3566759,-1	yceD,3566810,3567404,-1	
NC_002929:fabF,2581244,2582474,-1	acpP,2582663,2582903,-1	fabD,2583839,2584775,-1	fabH,2584856,2585843,-1	plsX,2585842,2586901,-1	rpmF,2586957,2587140,-1	yceD,2587191,2587785,-1	
NC_003197:yceD,1275272,1275794,1	rpmF,1275845,1276019,1	plsX,1276152,1277232,1	fabH,1277311,1278265,1	fabD,1278280,1279210,1	acpP,1280112,1280349,1	fabF,1280434,1281676,1	
NC_004459:fabF,1979146,1980358,1	acpP,3073734,3073971,-1	fabD,3074895,3075819,-1	fabH,3075893,3076844,-1	plsX,3076849,3077875,-1	rpmF,3077885,3078056,-1	yceD,3078091,3078616,-1	
NC_004917:plsX,658844,659846,1	fabH,659855,660854,1	fabF,707694,708930,-1	acpP,709005,709236,-1	fabD,1243744,1244680,1	
NC_004603:fabF,2152680,2153931,-1	acpP,2154024,2154258,-1	fabD,2155272,2156196,-1	fabH,2156272,2157223,-1	plsX,2157228,2158254,-1	rpmF,2158264,2158435,-1	yceD,2158494,2159019,-1	
NC_000907:acpP,170929,171160,-1	fabD,172160,173099,-1	fabH,173726,174677,-1	rpmF,174862,175033,-1	yceD,175055,175580,-1	fabF,1605146,1606367,-1	
NC_002163:fabD,120762,121683,1	fabH,298882,299857,-1	plsX,299849,300836,-1	fabF,410052,411267,1	
NC_003295:yceD,1101588,1102128,1	rpmF,1102242,1102422,1	plsX,1102626,1103691,1	fabH,1103728,1104709,1	fabD,1104741,1105671,1	acpP,1106628,1106868,1	fabF,1106979,1108212,1	
NC_005090:fabD,520484,521423,1	fabF,614829,616071,-1	acpP,616152,616383,-1	fabH,1889760,1890753,-1	plsX,1890762,1891758,-1	
NC_004741:yceD,1137402,1137924,1	rpmF,1137975,1138149,1	plsX,1138229,1139300,1	fabH,1139367,1140321,1	fabD,1140336,1141266,1	acpP,1142223,1142460,1	fabF,1142546,1143788,1	
NC_003112:fabF,226505,227753,-1	acpP,227908,228145,-1	rpmF,2010961,2011141,1	plsX,2011931,2012987,1	fabH,2013971,2014934,1	fabD,2015481,2016408,1	
NC_003919:rpmF,1274155,1274350,1	fabH,1274440,1275418,1	fabD,1276382,1277327,1	acpP,1278357,1278597,1	fabF,1278738,1279974,1	
NC_002947:yceD,2154828,2155356,1	rpmF,2155369,2155552,1	plsX,2155555,2156566,1	fabD,2156693,2157632,1	acpP,2158591,2158828,1	fabF,2159015,2160260,1	fabH,4970634,4971564,-1	
NC_005085:fabF,3705798,3707040,-1	acpP,3707205,3707481,-1	fabD,3708384,3709314,-1	fabH,3709439,3710399,-1	plsX,3710404,3711442,-1	rpmF,3711498,3711678,-1	yceD,3711725,3712247,-1	
NC_002663:fabF,399150,400371,1	yceD,2151376,2151901,1	rpmF,2151918,2152089,1	plsX,2152148,2153138,1	fabH,2153217,2154171,1	fabD,2154232,2155171,1	acpP,2156183,2156414,1	
NC_002927:fabF,3977321,3978551,-1	acpP,3978740,3978980,-1	fabD,3979916,3980852,-1	fabH,3980933,3981923,-1	plsX,3981919,3982978,-1	rpmF,3983034,3983217,-1	yceD,3983268,3983862,-1	
NC_002678:rpmF,3038942,3039125,-1	fabD,6496039,6496987,1	acpP,6497983,6498220,1	fabF,6498254,6499517,1	plsX,6918354,6919425,1	fabH,6919434,6920406,1	
NC_004463:fabD,4515193,4516153,1	acpP,4517304,4517544,1	fabF,4517653,4518919,1	fabH,5566378,5567359,-1	plsX,5567355,5568417,-1	
