nth,a	rsxA,b	rsxB,c	rsxC,d	rsxD,e	rsxE,f	rsxG,g	ydgK,h	
NC_011833:rsxA,117867,118449,1	rsxB,118451,118955,1	rsxC,119117,120539,1	rsxD,120586,121630,1	rsxG,121778,122273,1	rsxE,122247,122931,1	nth,122941,123574,1	
NC_002696:
NC_002516:rsxA,3907267,3907852,1	rsxB,3907848,3908415,1	rsxC,3908411,3910736,1	rsxD,3910738,3911773,1	rsxG,3911772,3912417,1	rsxE,3912409,3913132,1	nth,3913128,3913767,1	
NC_000913:ydgK,1705249,1705690,1	rsxA,1705766,1706348,1	rsxB,1706347,1706926,1	rsxC,1706918,1709141,1	rsxD,1709141,1710200,1	rsxG,1710203,1710824,1	rsxE,1710827,1711523,1	nth,1711522,1712158,1	
NC_004347:rsxA,2635626,2636205,1	rsxB,2636205,2636787,1	rsxC,2636790,2639163,1	rsxD,2639228,2640278,1	rsxG,2640332,2640971,1	rsxE,2640963,2641662,1	nth,2641735,2642431,1	
NC_004757:rsxB,2409987,2410644,1	nth,2410644,2411316,1	rsxA,2599283,2599892,-1	rsxE,2599888,2600560,-1	rsxD,2601347,2602544,-1	
NC_003047:
NC_003062:
NC_003143:nth,2515716,2516358,-1	rsxE,2516354,2517056,-1	rsxG,2517052,2517682,-1	rsxD,2517691,2518747,-1	rsxC,2520272,2522135,-1	rsxB,2522184,2522751,-1	rsxA,2522750,2523332,-1	ydgK,2523459,2523903,-1	
NC_005061:
NC_007086:
NC_004578:rsxB,4676088,4676964,1	nth,4676960,4677599,1	
NC_002488:
NC_004310:
NC_002928:rsxB,3591331,3591973,1	nth,3591969,3592605,1	
NC_002929:nth,3792010,3792646,-1	rsxB,3792642,3793284,-1	
NC_003197:nth,1528556,1529192,-1	rsxE,1529191,1529884,-1	rsxG,1529886,1530507,-1	rsxD,1530510,1531569,-1	rsxC,1531569,1533777,-1	rsxB,1533769,1534348,-1	rsxA,1534347,1534929,-1	ydgK,1535005,1535446,-1	
NC_004459:rsxA,3162182,3162761,1	rsxB,3162762,3163359,1	rsxC,3163371,3166131,1	rsxD,3166130,3167198,1	rsxG,3167213,3167849,1	rsxE,3167841,3168534,1	nth,3168605,3169247,1	
NC_004917:
NC_004603:rsxA,2210610,2211189,1	rsxB,2211192,2211789,1	rsxC,2211797,2214407,1	rsxD,2214406,2215453,1	rsxG,2215460,2216096,1	rsxE,2216092,2216785,1	nth,2216864,2217506,1	
NC_000907:rsxA,1752982,1753561,1	rsxB,1753648,1754230,1	rsxC,1754230,1756690,1	rsxD,1756694,1757771,1	rsxG,1757770,1758394,1	rsxE,1758395,1759103,1	nth,1759287,1759923,1	
NC_002163:
NC_003295:nth,1055610,1056255,-1	rsxB,1056283,1057090,-1	
NC_005090:
NC_004741:ydgK,1721605,1722046,1	rsxA,1722122,1722704,1	rsxB,1722703,1723282,1	rsxC,1723274,1725497,1	rsxD,1725497,1726556,1	rsxG,1726559,1727180,1	rsxE,1727183,1727879,1	nth,1727878,1728514,1	
NC_003112:rsxB,208531,209371,-1	nth,554321,554951,-1	rsxA,593375,593969,-1	rsxE,593972,594599,-1	rsxD,595367,596600,-1	
NC_003919:
NC_002947:nth,1250076,1250715,-1	rsxG,1251236,1251839,-1	rsxD,1251835,1252807,-1	
NC_005085:rsxB,3583081,3583855,1	nth,3583851,3584484,1	
NC_002663:nth,450055,450688,-1	rsxE,450684,451413,-1	rsxG,451415,452024,-1	rsxD,452033,453083,-1	rsxC,453097,455605,-1	rsxB,455609,456206,-1	rsxA,456202,456781,-1	
NC_002927:rsxB,4007784,4008426,1	nth,4008422,4009058,1	
NC_002678:
NC_004463:
