amiB,a	hflC,b	hflK,c	hflX,d	hfq,e	miaA,f	mutL,g	tsaE,h	yjeF,i	
NC_011833:hflX,429825,430830,1	hflC,600611,601544,-1	hflK,601546,602767,-1	miaA,602923,603832,-1	mutL,603869,605624,-1	amiB,611964,612678,1	
NC_002696:mutL,761330,763244,-1	hfq,1919985,1920234,1	hflX,1920303,1921587,1	amiB,2069805,2070993,-1	miaA,2308288,2309176,1	tsaE,3780502,3780949,1	
NC_002516:hflC,5544916,5545786,-1	hflK,5545785,5546988,-1	hflX,5547082,5548384,-1	hfq,5548396,5548645,-1	miaA,5548750,5549722,-1	mutL,5549779,5551681,-1	amiB,5551680,5553108,-1	tsaE,5553116,5553584,-1	
NC_000913:tsaE,4395584,4396046,1	amiB,4396064,4397402,1	mutL,4397411,4399259,1	miaA,4399251,4400202,1	hfq,4400287,4400596,1	hflX,4400671,4401952,1	hflK,4402037,4403297,1	hflC,4403299,4404304,1	
NC_004347:tsaE,624977,625436,1	amiB,625444,626836,1	mutL,626849,628745,1	miaA,628737,629664,1	hfq,629755,630028,1	hflX,630051,631359,1	hflK,631395,632541,1	hflC,632544,633438,1	
NC_004757:amiB,711010,712321,-1	tsaE,712317,712794,-1	hflC,1403874,1404753,-1	hflK,1404752,1405943,-1	hflX,1405948,1407139,-1	hfq,1407128,1407383,-1	mutL,1877221,1879036,-1	miaA,2135083,2136037,-1	
NC_003047:tsaE,41973,43488,-1	mutL,893062,894880,-1	amiB,1445118,1446399,1	hfq,1577126,1577369,1	hflX,1577375,1578773,1	miaA,2279981,2280893,-1	hflC,2284688,2285621,-1	hflK,2285617,2286706,-1	
NC_003062:tsaE,27519,29031,-1	mutL,697137,698958,-1	amiB,1327379,1328639,1	hfq,1446123,1446366,1	hflX,1446572,1447907,1	miaA,1998196,1999093,-1	hflC,2003143,2004067,-1	hflK,2004068,2005187,-1	
NC_003143:tsaE,382579,383050,1	amiB,383189,384971,1	mutL,384986,386894,1	miaA,386886,387828,1	hfq,387943,388249,1	hflX,388347,389634,1	hflK,389874,391134,1	hflC,391137,392142,1	
NC_005061:tsaE,82973,83477,1	amiB,83490,84750,1	miaA,84767,85739,1	hflX,86065,87184,1	hflK,87412,88735,1	hflC,88739,89765,1	
NC_007086:tsaE,2207069,2207570,1	amiB,2207622,2209314,1	mutL,2209465,2211340,1	hflX,3046962,3048282,-1	hfq,3048293,3048572,-1	miaA,3048648,3049632,-1	hflC,3829149,3830013,-1	hflK,3830012,3831155,-1	
NC_004578:hflC,5598311,5599181,-1	hflK,5599180,5600368,-1	hflX,5600464,5601766,-1	hfq,5601778,5602039,-1	miaA,5602131,5603103,-1	mutL,5603103,5605041,-1	amiB,5605040,5606456,-1	tsaE,5606470,5606899,-1	
NC_002488:hflX,88344,89697,-1	hfq,89711,89990,-1	miaA,90093,91047,-1	hflK,459601,460741,1	hflC,460737,461601,1	tsaE,710743,711232,1	amiB,711290,712910,1	mutL,713045,714905,1	
NC_004310:amiB,886819,888088,1	hflX,1086367,1087786,-1	hfq,1087976,1088213,-1	miaA,1345092,1346025,-1	hflC,1350296,1351199,-1	hflK,1351198,1352347,-1	tsaE,2021920,2023462,1	
NC_002928:hflC,3047060,3047960,-1	hflK,3047978,3049283,-1	hflX,3049248,3050286,-1	hfq,3050442,3050679,-1	tsaE,3914806,3915343,1	amiB,3915414,3916659,1	mutL,3917526,3919416,1	miaA,3919412,3920354,1	
NC_002929:miaA,250843,251785,-1	mutL,251781,253671,-1	amiB,254538,255783,-1	tsaE,255854,256391,-1	hflC,2311327,2312227,-1	hflK,2312245,2313550,-1	hflX,2313515,2314622,-1	hfq,2314709,2314946,-1	
NC_003197:tsaE,4599885,4600347,1	amiB,4600363,4601683,1	mutL,4601692,4603549,1	miaA,4603541,4604492,1	hfq,4604574,4604883,1	hflX,4604954,4606235,1	hflK,4606450,4607710,1	hflC,4607712,4608717,1	
NC_004459:tsaE,1274602,1275166,1	amiB,1275159,1276878,1	mutL,1276886,1278881,1	miaA,1278885,1279833,1	hfq,1280010,1280271,1	hflX,1280312,1281602,1	hflK,1281647,1282847,1	hflC,1282849,1283830,1	
NC_004917:
NC_004603:hflC,2977346,2978327,-1	hflK,2978329,2979532,-1	hflX,2979577,2980867,-1	hfq,2980905,2981169,-1	miaA,2981362,2982295,-1	mutL,2982291,2984301,-1	amiB,2984323,2986039,-1	tsaE,2986032,2986497,-1	
NC_000907:tsaE,68430,68907,1	amiB,68914,70213,1	mutL,70213,72103,1	miaA,72110,73046,1	hflC,166399,167287,-1	hflK,167286,168519,-1	hfq,432429,432705,-1	
NC_002163:
NC_003295:hfq,1290131,1290371,1	hflX,1290449,1291703,1	hflK,1291795,1293139,1	hflC,1293152,1294067,1	amiB,2747321,2748845,-1	tsaE,2748838,2749435,-1	mutL,2772062,2773973,1	miaA,2773980,2774952,1	
NC_005090:
NC_004741:tsaE,4492562,4493024,1	amiB,4493042,4494380,1	mutL,4494389,4496237,1	miaA,4496229,4497180,1	hfq,4497265,4497574,1	hflX,4497649,4498930,1	hflK,4499015,4500275,1	hflC,4500277,4501282,1	
NC_003112:amiB,468330,469581,-1	tsaE,469577,470039,-1	hfq,779279,779573,-1	miaA,948894,949836,-1	hflX,1056170,1057349,1	hflK,1224371,1225319,-1	mutL,1482176,1484153,1	
NC_003919:hflK,1314970,1316098,1	hflC,1316097,1316961,1	miaA,1993284,1994268,1	hfq,1994345,1994624,1	hflX,1994635,1995955,1	mutL,2800968,2802846,-1	amiB,2802984,2804712,-1	tsaE,2804764,2805265,-1	
NC_002947:hflC,5560793,5561663,-1	hflK,5561662,5562880,-1	hflX,5562940,5564242,-1	hfq,5564254,5564515,-1	miaA,5564609,5565581,-1	mutL,5565582,5567481,-1	amiB,5567480,5568911,-1	tsaE,5568922,5569396,-1	
NC_005085:mutL,1412832,1414728,-1	miaA,3682718,3683696,1	hflC,3838264,3839149,-1	hflK,3839145,3840372,-1	hflX,3840358,3841489,-1	hfq,3841589,3841850,-1	tsaE,4120153,4120645,1	amiB,4120641,4121847,1	
NC_002663:hflK,143172,144432,1	hflC,144431,145319,1	tsaE,1060122,1060620,1	amiB,1060624,1061854,1	mutL,1061859,1063713,1	miaA,1063594,1064668,1	hfq,1064797,1065088,1	hflX,1065095,1066442,1	
NC_002927:hflC,3380144,3381044,-1	hflK,3381062,3382205,-1	hflX,3382332,3383370,-1	hfq,3383526,3383763,-1	tsaE,4312970,4313507,1	amiB,4313578,4314823,1	mutL,4315690,4317580,1	miaA,4317576,4318518,1	
NC_002678:amiB,148272,149535,1	hfq,289515,289761,1	hflX,289857,291153,1	miaA,1208006,1208972,-1	hflC,1212306,1213266,-1	hflK,1213265,1214381,-1	tsaE,4028787,4030299,-1	mutL,6791669,6793553,-1	
NC_004463:tsaE,807468,809025,-1	amiB,4751459,4752755,1	hfq,4975361,4975610,1	hflX,4975690,4977004,1	miaA,7162181,7163138,-1	hflC,7166143,7167040,-1	hflK,7167036,7168179,-1	mutL,8228076,8229888,1	
