hpf,a	kdsC,b	kdsD,c	lptA,d	lptB,e	lptC,f	npr,g	ptsN,h	rapZ,i	rpoN,j	yrbG,k	
NC_011833:
NC_002696:npr,255721,256000,1	kdsD,2459240,2460197,1	ptsN,3850458,3851001,-1	rpoN,3852362,3853856,-1	lptB,3853994,3854753,-1	
NC_002516:lptB,4988081,4988891,-1	kdsD,4989304,4990285,1	kdsC,4990284,4990824,1	lptA,4991391,4991919,1	lptB,4991918,4992644,1	rpoN,4992869,4994363,1	hpf,4994440,4994749,1	ptsN,4994762,4995227,1	npr,4996118,4996391,1	
NC_000913:lptB,3339255,3340065,-1	yrbG,3340274,3341252,1	kdsD,3341265,3342252,1	kdsC,3342272,3342839,1	lptC,3342835,3343411,1	lptA,3343379,3343937,1	lptB,3343943,3344669,1	rpoN,3344716,3346150,1	hpf,3346172,3346460,1	ptsN,3346577,3347069,1	npr,3347965,3348238,1	
NC_004347:yrbG,361224,362175,-1	kdsD,4098654,4099632,1	kdsC,4099631,4100183,1	lptC,4100179,4100740,1	lptA,4100726,4101278,1	lptB,4101274,4102006,1	rpoN,4102112,4103588,1	hpf,4103616,4103904,1	ptsN,4103906,4104350,1	npr,4105187,4105463,1	
NC_004757:ptsN,80448,80919,-1	hpf,81150,81486,-1	rpoN,81661,83125,-1	lptB,83131,83854,-1	lptA,83888,84506,-1	npr,2371793,2372063,1	
NC_003047:npr,47836,48127,-1	ptsN,409773,410238,-1	rpoN,411263,412808,-1	lptB,412983,413796,-1	kdsD,634286,635300,1	
NC_003062:npr,33410,33686,-1	ptsN,323821,324283,-1	rpoN,325171,326716,-1	lptB,326868,327678,-1	
NC_003143:hpf,3660326,3660689,1	lptB,3986613,3987432,-1	yrbG,3987696,3988671,1	kdsD,3988781,3989768,1	kdsC,3990016,3990580,1	lptC,3990576,3991140,1	lptA,3991123,3991669,1	lptB,3991675,3992401,1	rpoN,3992462,3993896,1	ptsN,3994324,3994807,1	npr,3995963,3996236,1	
NC_005061:lptB,49102,49828,-1	lptA,49840,50347,-1	lptC,50327,50936,-1	kdsD,506042,507023,-1	
NC_007086:npr,1596778,1597048,-1	ptsN,1599761,1600220,-1	hpf,1600241,1600559,-1	rpoN,1600646,1602083,-1	lptB,1602122,1602842,-1	lptA,1602841,1603378,-1	kdsC,1603927,1604476,-1	kdsD,1604524,1605526,-1	
NC_004578:lptB,5012576,5013386,-1	kdsD,5013690,5014665,1	kdsC,5014664,5015204,1	lptA,5015771,5016320,1	lptB,5016320,5017046,1	rpoN,5017228,5018722,1	hpf,5018796,5019105,1	ptsN,5019116,5019581,1	npr,5020457,5020730,1	yrbG,5041337,5042369,1	
NC_002488:npr,1354759,1355047,-1	hpf,1357869,1358220,-1	rpoN,1358277,1359666,-1	lptB,1359707,1360430,-1	lptA,1360429,1360960,-1	kdsC,1361503,1362052,-1	kdsD,1362069,1363071,-1	
NC_004310:lptB,173598,174432,1	rpoN,174727,176230,1	ptsN,177675,178140,1	npr,2016855,2017170,1	
NC_002928:npr,2103889,2104159,1	kdsD,4366055,4367045,1	kdsC,4367041,4367650,1	lptB,4368940,4369732,1	hpf,4369967,4370306,1	ptsN,4370573,4371038,1	rpoN,4669337,4670777,-1	
NC_002929:lptB,54362,54953,-1	rpoN,131168,132590,1	ptsN,710313,710769,-1	kdsC,713702,714311,-1	kdsD,714307,715297,-1	npr,1578901,1579171,1	
NC_003197:lptB,3478945,3479758,-1	yrbG,3479970,3480948,1	kdsD,3480961,3481948,1	kdsC,3481968,3482535,1	lptC,3482531,3483107,1	lptA,3483075,3483630,1	lptB,3483636,3484362,1	rpoN,3484409,3485843,1	hpf,3485865,3486153,1	ptsN,3486270,3486762,1	npr,3487658,3487931,1	
NC_004459:lptB,705728,706532,-1	yrbG,706878,707844,1	kdsD,707865,708837,1	kdsC,708836,709394,1	lptC,709390,709954,1	lptA,709934,710429,1	lptB,710428,711154,1	rpoN,711207,712671,1	hpf,712694,712982,1	ptsN,712984,713431,1	npr,714309,714585,1	
NC_004917:rpoN,1045703,1047014,-1	lptB,1047010,1047733,-1	kdsD,1138475,1139444,-1	kdsC,1284933,1285428,1	
NC_004603:lptB,2813863,2814667,-1	yrbG,2815055,2816021,1	kdsD,2816057,2817029,1	lptC,2817119,2817683,1	lptA,2817663,2818158,1	lptB,2818159,2818885,1	rpoN,2818935,2820402,1	hpf,2820426,2820714,1	ptsN,2820716,2821163,1	npr,2822043,2822319,1	
NC_000907:hpf,287389,287713,1	ptsN,1216445,1216940,-1	lptB,1216942,1217668,-1	lptA,1217671,1218190,-1	lptC,1218170,1218785,-1	kdsD,1746889,1747903,1	kdsC,1747912,1748455,1	
NC_002163:kdsC,608775,609264,1	lptB,623409,624138,1	rpoN,624137,625388,1	kdsD,1382527,1383475,-1	
NC_003295:npr,379473,379743,1	ptsN,434349,434805,-1	hpf,435153,435507,-1	rpoN,435558,437058,-1	lptB,437155,437944,-1	kdsC,439255,439843,-1	kdsD,439881,440883,-1	
NC_005090:kdsD,68755,69724,1	kdsC,1961068,1961563,-1	lptB,1987264,1987987,1	rpoN,1987983,1989246,1	yrbG,2052273,2053356,1	
NC_004741:lptB,3322553,3323363,-1	yrbG,3323572,3324538,1	kdsD,3324551,3325538,1	kdsC,3325558,3326125,1	lptC,3326121,3326697,1	lptA,3326665,3327223,1	lptB,3327229,3327955,1	rpoN,3328002,3329436,1	hpf,3329458,3329746,1	ptsN,3329863,3330355,1	npr,3331251,3331524,1	
NC_003112:rpoN,223299,224151,1	kdsD,360070,361045,1	kdsC,361262,361799,1	lptA,362357,362888,1	lptB,362931,363696,1	ptsN,767137,767587,1	npr,2168319,2168589,-1	
NC_003919:kdsD,3470767,3471769,1	kdsC,3471817,3472366,1	lptA,3472915,3473476,1	lptB,3473475,3474195,1	rpoN,3474235,3475675,1	hpf,3475762,3476080,1	ptsN,3476101,3476560,1	npr,3479265,3479535,1	
NC_002947:yrbG,1070339,1071383,-1	npr,1092551,1092824,-1	ptsN,1093699,1094164,-1	hpf,1094176,1094485,-1	rpoN,1094564,1096058,-1	lptB,1096233,1096959,-1	lptA,1096959,1097484,-1	kdsC,1098051,1098576,-1	kdsD,1098588,1099563,-1	lptB,1099811,1100621,1	
NC_005085:npr,840970,841240,1	kdsD,3626754,3627690,1	kdsC,3627736,3628261,1	lptA,3628816,3629377,1	lptB,3629373,3630102,1	rpoN,3630105,3631506,1	hpf,3631573,3631906,1	ptsN,3632028,3632490,1	
NC_002663:hpf,117905,118223,1	ptsN,196119,196638,-1	lptB,196640,197366,-1	lptA,197374,197887,-1	lptC,197870,198449,-1	lptB,198679,199474,1	yrbG,501812,502781,-1	kdsC,599267,599813,-1	kdsD,599812,600853,-1	
NC_002927:npr,2302450,2302720,1	kdsD,4801156,4802146,1	kdsC,4802142,4802751,1	lptB,4804041,4804833,1	hpf,4805068,4805407,1	ptsN,4805674,4806139,1	rpoN,5231012,5232452,-1	
NC_002678:kdsD,2426592,2427594,-1	ptsN,2555837,2556302,-1	rpoN,2557211,2558738,-1	lptB,2558992,2559811,-1	npr,4034638,4034935,-1	
NC_004463:lptB,770895,771894,1	rpoN,771985,773599,1	ptsN,774589,775051,1	npr,3949480,3949786,1	kdsD,8497153,8498266,1	
